#         Time          Step               dt         NCell  NUpdate_Cell   ElapsedTime  Perf_Overall  Perf_PerRank   NUpdate_Lv0   NUpdate_Lv1   NUpdate_Lv2   NUpdate_Lv3   NUpdate_Lv4   NUpdate_Lv5   NUpdate_Lv6   NUpdate_Lv7   NUpdate_Lv8   NUpdate_Lv9
 1.6999582e-05             1    1.6999582e-05      1.07e+09      1.07e+09      7.68e+00      1.40e+08      3.50e+07             1             0             0             0             0             0             0             0             0             0
 3.3999164e-05             2    1.6999582e-05      1.07e+09      1.07e+09      7.60e+00      1.41e+08      3.53e+07             1             0             0             0             0             0             0             0             0             0
 5.0998746e-05             3    1.6999582e-05      1.07e+09      1.07e+09      7.60e+00      1.41e+08      3.53e+07             1             0             0             0             0             0             0             0             0             0
 6.7998328e-05             4    1.6999582e-05      1.07e+09      1.07e+09      7.65e+00      1.40e+08      3.51e+07             1             0             0             0             0             0             0             0             0             0
 8.4997910e-05             5    1.6999582e-05      1.07e+09      1.07e+09      7.67e+00      1.40e+08      3.50e+07             1             0             0             0             0             0             0             0             0             0
 1.0199749e-04             6    1.6999582e-05      1.07e+09      1.07e+09      7.68e+00      1.40e+08      3.50e+07             1             0             0             0             0             0             0             0             0             0
 1.1899707e-04             7    1.6999582e-05      1.07e+09      1.07e+09      7.67e+00      1.40e+08      3.50e+07             1             0             0             0             0             0             0             0             0             0
 1.3599666e-04             8    1.6999582e-05      1.07e+09      1.07e+09      7.65e+00      1.40e+08      3.51e+07             1             0             0             0             0             0             0             0             0             0
 1.5299624e-04             9    1.6999582e-05      1.07e+09      1.07e+09      7.67e+00      1.40e+08      3.50e+07             1             0             0             0             0             0             0             0             0             0
 1.6999582e-04            10    1.6999582e-05      1.07e+09      1.07e+09      7.68e+00      1.40e+08      3.50e+07             1             0             0             0             0             0             0             0             0             0
 1.8699540e-04            11    1.6999582e-05      1.07e+09      1.07e+09      7.74e+00      1.39e+08      3.47e+07             1             0             0             0             0             0             0             0             0             0
 2.0399498e-04            12    1.6999582e-05      1.07e+09      1.07e+09      7.71e+00      1.39e+08      3.48e+07             1             0             0             0             0             0             0             0             0             0
 2.2099457e-04            13    1.6999582e-05      1.07e+09      1.07e+09      7.73e+00      1.39e+08      3.47e+07             1             0             0             0             0             0             0             0             0             0
 2.3799415e-04            14    1.6999582e-05      1.07e+09      1.07e+09      7.71e+00      1.39e+08      3.48e+07             1             0             0             0             0             0             0             0             0             0
 2.5499373e-04            15    1.6999582e-05      1.07e+09      1.07e+09      7.73e+00      1.39e+08      3.47e+07             1             0             0             0             0             0             0             0             0             0
 2.7199331e-04            16    1.6999582e-05      1.07e+09      1.07e+09      7.71e+00      1.39e+08      3.48e+07             1             0             0             0             0             0             0             0             0             0
 2.8899289e-04            17    1.6999582e-05      1.07e+09      1.07e+09      7.72e+00      1.39e+08      3.48e+07             1             0             0             0             0             0             0             0             0             0
 3.0599247e-04            18    1.6999582e-05      1.07e+09      1.07e+09      7.72e+00      1.39e+08      3.48e+07             1             0             0             0             0             0             0             0             0             0
 3.2299206e-04            19    1.6999582e-05      1.07e+09      1.07e+09      7.72e+00      1.39e+08      3.48e+07             1             0             0             0             0             0             0             0             0             0
 3.3999164e-04            20    1.6999582e-05      1.07e+09      1.07e+09      7.71e+00      1.39e+08      3.48e+07             1             0             0             0             0             0             0             0             0             0
