 4.5814515e-01          1010    4.3721668e-04      4.30e+09      3.93e+10      2.88e+02      1.36e+08      8.51e+06             1             2             3             3             3             5            14            51             4             0
 4.5862676e-01          1011    4.8161528e-04      4.32e+09      4.18e+10      3.16e+02      1.32e+08      8.26e+06             1             2             3             3             3             5            15            56             0             0
 4.5910832e-01          1012    4.8155768e-04      4.35e+09      4.15e+10      3.32e+02      1.25e+08      7.80e+06             1             2             3             3             3             5            15            55             0             0
 4.5958982e-01          1013    4.8149717e-04      4.39e+09      4.25e+10      2.96e+02      1.43e+08      8.97e+06             1             2             3             3             3             5            15            55             0             0
 4.6007120e-01          1014    4.8138503e-04      4.39e+09      4.12e+10      2.94e+02      1.40e+08      8.77e+06             1             2             3             3             3             5            14            55             0             0
 4.6055248e-01          1015    4.8127592e-04      4.42e+09      4.12e+10      3.13e+02      1.32e+08      8.22e+06             1             2             3             3             3             5            14            55             0             0
 4.6103371e-01          1016    4.8123265e-04      4.46e+09      4.16e+10      3.32e+02      1.25e+08      7.83e+06             1             2             3             3             3             5            14            55             0             0
 4.6151488e-01          1017    4.8116985e-04      4.47e+09      4.23e+10      3.00e+02      1.41e+08      8.79e+06             1             2             3             3             3             5            14            55             0             0
 4.6199617e-01          1018    4.8128566e-04      4.52e+09      4.25e+10      3.24e+02      1.31e+08      8.21e+06             1             2             3             3             3             5            14            55             0             0
 4.6247745e-01          1019    4.8128669e-04      4.54e+09      4.25e+10      3.38e+02      1.26e+08      7.85e+06             1             2             3             3             3             5            14            54             0             0
 4.6295871e-01          1020    4.8126045e-04      4.56e+09      4.29e+10      3.37e+02      1.27e+08      7.97e+06             1             2             3             3             3             5            14            54             0             0
 4.6343991e-01          1021    4.8119797e-04      4.59e+09      4.64e+10      3.22e+02      1.44e+08      9.00e+06             1             2             3             3             4             6            14            55             0             0
 4.6392105e-01          1022    4.8113895e-04      4.63e+09      4.68e+10      3.38e+02      1.39e+08      8.67e+06             1             2             3             3             4             6            14            55             0             0
 4.6440213e-01          1023    4.8108277e-04      4.66e+09      4.75e+10      3.21e+02      1.48e+08      9.24e+06             1             2             3             3             4             6            14            55             0             0
 4.6488316e-01          1024    4.8102573e-04      4.66e+09      4.77e+10      3.58e+02      1.33e+08      8.33e+06             1             2             3             3             4             6            14            55             0             0
 4.6536413e-01          1025    4.8096500e-04      4.70e+09      4.76e+10      3.30e+02      1.45e+08      9.03e+06             1             2             3             3             4             6            14            54             0             0
 4.6584507e-01          1026    4.8094891e-04      4.72e+09      4.52e+10      3.29e+02      1.37e+08      8.59e+06             1             2             3             3             3             5            14            55             0             0
 4.6632596e-01          1027    4.8088557e-04      4.76e+09      4.61e+10      3.32e+02      1.39e+08      8.69e+06             1             2             3             3             3             5            14            55             0             0
 4.6680678e-01          1028    4.8082394e-04      4.77e+09      4.60e+10      3.41e+02      1.35e+08      8.42e+06             1             2             3             3             3             5            14            55             0             0
 4.6728762e-01          1029    4.8083779e-04      4.82e+09      4.66e+10      3.51e+02      1.33e+08      8.29e+06             1             2             3             3             3             5            14            55             0             0
 4.6776839e-01          1030    4.8077162e-04      4.83e+09      4.32e+10      3.03e+02      1.42e+08      8.90e+06             1             2             2             2             2             4            14            54             0             0
 4.6824910e-01          1031    4.8070959e-04      4.86e+09      4.35e+10      3.23e+02      1.35e+08      8.41e+06             1             2             2             2             2             4            14            54             0             0
 4.6872971e-01          1032    4.8060560e-04      4.88e+09      4.36e+10      3.29e+02      1.33e+08      8.29e+06             1             2             2             2             2             4            14            54             0             0
 4.6921027e-01          1033    4.8055867e-04      4.96e+09      4.45e+10      3.40e+02      1.31e+08      8.18e+06             1             2             2             2             2             4            14            53             0             0
 4.6969078e-01          1034    4.8051799e-04      4.98e+09      4.44e+10      3.24e+02      1.37e+08      8.57e+06             1             2             2             2             2             4            14            52             0             0
 4.7017122e-01          1035    4.8043648e-04      5.02e+09      4.49e+10      3.41e+02      1.32e+08      8.22e+06             1             2             2             2             2             4            14            52             0             0
 4.7065160e-01          1036    4.8037522e-04      5.03e+09      4.53e+10      3.36e+02      1.35e+08      8.43e+06             1             2             2             2             2             4            14            52             0             0
 4.7113189e-01          1037    4.8029574e-04      5.08e+09      4.56e+10      3.42e+02      1.33e+08      8.33e+06             1             2             2             2             2             4            14            52             0             0
 4.7153676e-01          1038    4.0486984e-04      5.10e+09      3.84e+10      3.87e+02      9.92e+07      6.20e+06             1             2             2             2             2             3            12            44             0             0
 4.7201683e-01          1039    4.8006812e-04      5.15e+09      4.64e+10      3.43e+02      1.35e+08      8.46e+06             1             2             2             2             2             4            14            52             0             0
 4.7249686e-01          1040    4.8002496e-04      5.14e+09      4.59e+10      3.36e+02      1.37e+08      8.54e+06             1             2             2             2             2             4            14            52             0             0
 4.7297680e-01          1041    4.7994746e-04      5.19e+09      4.66e+10      3.36e+02      1.38e+08      8.65e+06             1             2             2             2             2             4            14            52             0             0
 4.7345670e-01          1042    4.7989342e-04      5.23e+09      4.77e+10      3.41e+02      1.40e+08      8.73e+06             1             2             2             2             2             4            14            52             0             0
 4.7393653e-01          1043    4.7983615e-04      5.29e+09      4.84e+10      3.56e+02      1.36e+08      8.49e+06             1             2             2             2             2             4            14            52             0             0
 4.7441627e-01          1044    4.7974079e-04      5.32e+09      4.94e+10      3.68e+02      1.34e+08      8.40e+06             1             2             2             2             2             4            14            52             0             0
 4.7489610e-01          1045    4.7982590e-04      5.36e+09      4.94e+10      3.36e+02      1.47e+08      9.18e+06             1             2             2             2             2             4            14            52             0             0
 4.7537584e-01          1046    4.7973680e-04      5.37e+09      4.93e+10      3.31e+02      1.49e+08      9.30e+06             1             2             2             2             2             4            14            52             0             0
 4.7585570e-01          1047    4.7986074e-04      5.40e+09      4.95e+10      3.49e+02      1.42e+08      8.84e+06             1             2             2             2             2             4            14            52             0             0
 4.7633551e-01          1048    4.7981418e-04      5.43e+09      5.01e+10      3.52e+02      1.42e+08      8.89e+06             1             2             2             2             2             4            14            52             0             0
 4.7681527e-01          1049    4.7976072e-04      5.48e+09      5.00e+10      3.65e+02      1.37e+08      8.56e+06             1             2             2             2             2             4            14            52             0             0
 4.7729491e-01          1050    4.7964220e-04      5.51e+09      4.97e+10      3.58e+02      1.39e+08      8.67e+06             1             2             2             2             2             4            13            52             0             0
 4.7777447e-01          1051    4.7956010e-04      5.56e+09      5.03e+10      3.40e+02      1.48e+08      9.24e+06             1             2             2             2             2             4            13            52             0             0
 4.7825391e-01          1052    4.7943761e-04      5.58e+09      4.99e+10      3.43e+02      1.46e+08      9.11e+06             1             2             2             2             2             4            13            51             0             0
 4.7873331e-01          1053    4.7940346e-04      5.63e+09      5.11e+10      3.51e+02      1.46e+08      9.11e+06             1             2             2             2             2             4            13            51             0             0
 4.7921264e-01          1054    4.7932783e-04      5.65e+09      5.12e+10      3.66e+02      1.40e+08      8.75e+06             1             2             2             2             2             4            13            51             0             0
 4.7969193e-01          1055    4.7928751e-04      5.69e+09      5.69e+10      3.67e+02      1.55e+08      9.70e+06             1             2             3             3             3             5            14            51             0             0
 4.8017117e-01          1056    4.7923658e-04      5.74e+09      5.73e+10      4.07e+02      1.41e+08      8.82e+06             1             2             3             3             3             5            14            51             0             0
 4.8065030e-01          1057    4.7913438e-04      5.74e+09      5.73e+10      3.73e+02      1.54e+08      9.61e+06             1             2             3             3             3             5            14            51             0             0
 4.8112938e-01          1058    4.7907989e-04      5.76e+09      5.76e+10      3.88e+02      1.48e+08      9.28e+06             1             2             3             3             3             5            14            51             0             0
 4.8160838e-01          1059    4.7899978e-04      5.78e+09      5.77e+10      3.72e+02      1.55e+08      9.71e+06             1             2             3             3             3             5            14            51             0             0
 4.8208731e-01          1060    4.7892723e-04      5.83e+09      5.86e+10      4.17e+02      1.40e+08      8.78e+06             1             2             3             3             3             5            14            51             0             0
 4.8256640e-01          1061    4.7908942e-04      5.85e+09      5.92e+10      3.78e+02      1.56e+08      9.78e+06             1             2             3             3             3             5            14            51             0             0
 4.8304543e-01          1062    4.7903731e-04      5.88e+09      5.90e+10      3.97e+02      1.49e+08      9.28e+06             1             2             3             3             3             5            14            51             0             0
 4.8352444e-01          1063    4.7900424e-04      5.91e+09      5.97e+10      3.82e+02      1.56e+08      9.77e+06             1             2             3             3             3             5            14            51             0             0
 4.8400337e-01          1064    4.7893403e-04      5.93e+09      5.99e+10      4.37e+02      1.37e+08      8.55e+06             1             2             3             3             3             5            14            51             0             0
 4.8448226e-01          1065    4.7888522e-04      5.97e+09      5.86e+10      3.87e+02      1.51e+08      9.47e+06             1             2             3             3             3             5            13            51             0             0
 4.8496125e-01          1066    4.7899010e-04      6.00e+09      5.88e+10      3.98e+02      1.48e+08      9.25e+06             1             2             3             3             3             5            13            51             0             0
 4.8544008e-01          1067    4.7882679e-04      6.03e+09      5.91e+10      4.20e+02      1.41e+08      8.78e+06             1             2             3             3             3             5            13            51             0             0
 4.8569688e-01          1068    2.5680993e-04      6.04e+09      3.31e+10      3.73e+02      8.85e+07      5.53e+06             1             1             1             1             2             3             7            27             0             0
 4.8617552e-01          1069    4.7863373e-04      6.08e+09      5.95e+10      3.82e+02      1.56e+08      9.73e+06             1             2             3             3             3             5            13            50             0             0
 4.8665423e-01          1070    4.7870685e-04      6.11e+09      5.96e+10      4.24e+02      1.40e+08      8.78e+06             1             2             3             3             3             5            13            49             0             0
 4.8713302e-01          1071    4.7879315e-04      6.14e+09      6.01e+10      3.86e+02      1.56e+08      9.72e+06             1             2             3             3             3             5            13            49             0             0
 4.8761178e-01          1072    4.7875657e-04      6.15e+09      6.02e+10      4.07e+02      1.48e+08      9.23e+06             1             2             3             3             3             5            13            49             0             0
 4.8809049e-01          1073    4.7871564e-04      6.21e+09      6.08e+10      3.97e+02      1.53e+08      9.58e+06             1             2             3             3             3             5            13            49             0             0
 4.8856917e-01          1074    4.7867975e-04      6.26e+09      6.20e+10      4.39e+02      1.41e+08      8.82e+06             1             2             3             3             3             5            13            49             0             0
 4.8904785e-01          1075    4.7868287e-04      6.26e+09      6.17e+10      4.05e+02      1.53e+08      9.53e+06             1             2             3             3             3             5            13            49             0             0
 4.8952667e-01          1076    4.7882079e-04      6.28e+09      6.22e+10      4.23e+02      1.47e+08      9.19e+06             1             2             3             3             3             5            13            49             0             0
 4.9000548e-01          1077    4.7880957e-04      6.31e+09      6.24e+10      4.15e+02      1.50e+08      9.39e+06             1             2             3             3             3             5            13            49             0             0
 4.9048426e-01          1078    4.7877237e-04      6.37e+09      6.31e+10      4.77e+02      1.32e+08      8.28e+06             1             2             3             3             3             5            13            49             0             0
 4.9096299e-01          1079    4.7873697e-04      6.39e+09      6.32e+10      4.00e+02      1.58e+08      9.88e+06             1             2             3             3             3             5            13            49             0             0
 4.9144164e-01          1080    4.7864554e-04      6.44e+09      6.42e+10      4.34e+02      1.48e+08      9.24e+06             1             2             3             3             3             5            13            49             0             0
 4.9192031e-01          1081    4.7867517e-04      6.47e+09      6.45e+10      4.07e+02      1.58e+08      9.89e+06             1             2             3             3             3             5            13            50             0             0
 4.9239891e-01          1082    4.7859318e-04      6.49e+09      6.52e+10      4.56e+02      1.43e+08      8.93e+06             1             2             3             3             3             5            13            50             0             0
 4.9287745e-01          1083    4.7854574e-04      6.54e+09      6.58e+10      4.27e+02      1.54e+08      9.64e+06             1             2             3             3             3             5            13            50             0             0
 4.9335583e-01          1084    4.7837827e-04      6.55e+09      6.56e+10      4.29e+02      1.53e+08      9.56e+06             1             2             3             3             3             5            13            49             0             0
 4.9383418e-01          1085    4.7834634e-04      6.60e+09      6.62e+10      4.20e+02      1.58e+08      9.85e+06             1             2             3             3             3             5            13            49             0             0
 4.9431247e-01          1086    4.7829567e-04      6.63e+09      6.64e+10      4.62e+02      1.44e+08      8.98e+06             1             2             3             3             3             5            13            49             0             0
 4.9479073e-01          1087    4.7826010e-04      6.67e+09      6.69e+10      4.45e+02      1.50e+08      9.41e+06             1             2             3             3             3             5            13            48             0             0
 4.9526892e-01          1088    4.7819157e-04      6.70e+09      6.69e+10      4.31e+02      1.55e+08      9.69e+06             1             2             3             3             3             5            13            48             0             0
 4.9574709e-01          1089    4.7816086e-04      6.73e+09      6.74e+10      4.31e+02      1.56e+08      9.77e+06             1             2             3             3             3             5            13            48             0             0
 4.9622522e-01          1090    4.7812936e-04      6.76e+09      6.82e+10      4.58e+02      1.49e+08      9.30e+06             1             2             3             3             3             5            13            48             0             0
 4.9670332e-01          1091    4.7810006e-04      6.80e+09      6.84e+10      4.35e+02      1.57e+08      9.81e+06             1             2             3             3             3             5            13            48             0             0
 4.9718139e-01          1092    4.7807096e-04      6.82e+09      6.89e+10      4.41e+02      1.56e+08      9.76e+06             1             2             3             3             3             5            13            48             0             0
 4.9765941e-01          1093    4.7802022e-04      6.85e+09      6.87e+10      4.41e+02      1.56e+08      9.74e+06             1             2             3             3             3             5            13            48             0             0
 4.9813741e-01          1094    4.7800791e-04      6.91e+09      7.01e+10      4.91e+02      1.43e+08      8.91e+06             1             2             3             3             3             5            13            48             0             0
 4.9861534e-01          1095    4.7792431e-04      6.95e+09      7.10e+10      4.45e+02      1.60e+08      9.98e+06             1             2             3             3             3             5            13            49             0             0
 4.9909323e-01          1096    4.7789518e-04      6.95e+09      7.02e+10      4.58e+02      1.53e+08      9.58e+06             1             2             3             3             3             5            13            48             0             0
 4.9957112e-01          1097    4.7789019e-04      7.00e+09      7.09e+10      4.52e+02      1.57e+08      9.80e+06             1             2             3             3             3             5            13            48             0             0
 5.0004893e-01          1098    4.7780679e-04      7.03e+09      7.18e+10      5.02e+02      1.43e+08      8.94e+06             1             2             3             3             3             5            13            48             0             0
 5.0020355e-01          1099    1.5462222e-04      7.03e+09      2.04e+10      2.94e+02      6.94e+07      4.34e+06             1             1             1             1             1             1             4            15             0             0
 5.0068124e-01          1100    4.7769084e-04      7.07e+09      7.22e+10      4.53e+02      1.59e+08      9.96e+06             1             2             3             3             3             5            13            48             0             0
 5.0115905e-01          1101    4.7781064e-04      7.15e+09      7.33e+10      4.66e+02      1.57e+08      9.83e+06             1             2             3             3             3             5            13            48             0             0
 5.0163683e-01          1102    4.7777750e-04      7.16e+09      7.32e+10      4.81e+02      1.52e+08      9.50e+06             1             2             3             3             3             5            13            48             0             0
 5.0211458e-01          1103    4.7774701e-04      7.18e+09      7.33e+10      4.78e+02      1.53e+08      9.59e+06             1             2             3             3             3             5            13            48             0             0
 5.0259228e-01          1104    4.7770099e-04      7.23e+09      7.42e+10      4.77e+02      1.56e+08      9.72e+06             1             2             3             3             3             5            13            48             0             0
 5.0306991e-01          1105    4.7763432e-04      7.26e+09      7.44e+10      4.75e+02      1.57e+08      9.78e+06             1             2             3             3             3             5            13            47             0             0
 5.0354752e-01          1106    4.7760500e-04      7.30e+09      7.51e+10      4.79e+02      1.57e+08      9.80e+06             1             2             3             3             3             5            13            47             0             0
 5.0402512e-01          1107    4.7759715e-04      7.31e+09      7.49e+10      4.91e+02      1.52e+08      9.52e+06             1             2             3             3             3             5            13            47             0             0
 5.0450260e-01          1108    4.7748228e-04      7.37e+09      7.57e+10      4.96e+02      1.53e+08      9.54e+06             1             2             3             3             3             5            13            47             0             0
 5.0498006e-01          1109    4.7745792e-04      7.40e+09      7.59e+10      5.06e+02      1.50e+08      9.38e+06             1             2             3             3             3             5            13            47             0             0
 5.0545749e-01          1110    4.7743379e-04      7.45e+09      7.64e+10      4.73e+02      1.61e+08      1.01e+07             1             2             3             3             3             5            13            46             0             0
 5.0593485e-01          1111    4.7736190e-04      7.46e+09      7.60e+10      5.01e+02      1.52e+08      9.48e+06             1             2             3             3             3             5            13            46             0             0
 5.0641219e-01          1112    4.7733614e-04      7.50e+09      7.66e+10      4.91e+02      1.56e+08      9.75e+06             1             2             3             3             3             5            13            46             0             0
 5.0688949e-01          1113    4.7730272e-04      7.53e+09      7.68e+10      4.83e+02      1.59e+08      9.94e+06             1             2             3             3             3             5            13            46             0             0
 5.0736675e-01          1114    4.7725546e-04      7.56e+09      7.75e+10      4.78e+02      1.62e+08      1.01e+07             1             2             3             3             3             5            13            46             0             0
 5.0784395e-01          1115    4.7720841e-04      7.61e+09      7.54e+10      5.16e+02      1.46e+08      9.14e+06             1             2             3             3             3             5            12            46             0             0
 5.0832102e-01          1116    4.7706170e-04      7.63e+09      7.59e+10      4.95e+02      1.54e+08      9.59e+06             1             2             3             3             3             5            12            46             0             0
 5.0879804e-01          1117    4.7702727e-04      7.68e+09      7.63e+10      5.30e+02      1.44e+08      9.00e+06             1             2             3             3             3             5            12            46             0             0
 5.0927505e-01          1118    4.7700631e-04      7.72e+09      7.71e+10      4.86e+02      1.59e+08      9.92e+06             1             2             3             3             3             5            12            46             0             0
 5.0975200e-01          1119    4.7694853e-04      7.76e+09      7.75e+10      4.91e+02      1.58e+08      9.87e+06             1             2             3             3             3             5            12            46             0             0
 5.1022893e-01          1120    4.7692655e-04      7.77e+09      7.77e+10      4.96e+02      1.57e+08      9.80e+06             1             2             3             3             3             5            12            46             0             0
 5.1070577e-01          1121    4.7684022e-04      7.83e+09      7.81e+10      4.91e+02      1.59e+08      9.94e+06             1             2             3             3             3             5            12            46             0             0
 5.1118261e-01          1122    4.7684577e-04      7.88e+09      7.94e+10      4.95e+02      1.60e+08      1.00e+07             1             2             3             3             3             5            12            46             0             0
 5.1165944e-01          1123    4.7682719e-04      7.93e+09      7.97e+10      5.06e+02      1.57e+08      9.84e+06             1             2             3             3             3             5            12            45             0             0
 5.1213621e-01          1124    4.7677528e-04      7.92e+09      7.90e+10      5.16e+02      1.53e+08      9.56e+06             1             2             3             3             3             5            12            45             0             0
 5.1261297e-01          1125    4.7675906e-04      7.98e+09      7.98e+10      5.06e+02      1.58e+08      9.85e+06             1             2             3             3             3             5            12            45             0             0
 5.1308970e-01          1126    4.7672765e-04      8.02e+09      8.03e+10      5.04e+02      1.59e+08      9.96e+06             1             2             3             3             3             5            12            45             0             0
 5.1356640e-01          1127    4.7670137e-04      8.09e+09      8.18e+10      5.30e+02      1.54e+08      9.65e+06             1             2             3             3             3             5            12            45             0             0
 5.1404309e-01          1128    4.7669041e-04      8.07e+09      8.04e+10      5.11e+02      1.57e+08      9.84e+06             1             2             3             3             3             5            12            45             0             0
 5.1451975e-01          1129    4.7665806e-04      8.13e+09      8.08e+10      5.06e+02      1.60e+08      9.98e+06             1             2             3             3             3             5            12            44             0             0
 5.1499646e-01          1130    4.7670473e-04      8.16e+09      8.18e+10      5.05e+02      1.62e+08      1.01e+07             1             2             3             3             3             5            12            44             0             0
 5.1507328e-01          1131    7.6822976e-05      8.18e+09      1.46e+10      3.03e+02      4.81e+07      3.01e+06             1             1             1             1             1             1             2             7             0             0
 5.1555048e-01          1132    4.7720233e-04      8.21e+09      8.25e+10      4.90e+02      1.68e+08      1.05e+07             1             2             3             3             3             5            12            44             0             0
 5.1602698e-01          1133    4.7649483e-04      8.24e+09      8.32e+10      5.20e+02      1.60e+08      9.99e+06             1             2             3             3             3             5            12            45             0             0
 5.1650346e-01          1134    4.7648065e-04      8.29e+09      8.37e+10      5.20e+02      1.61e+08      1.01e+07             1             2             3             3             3             5            12            44             0             0
 5.1697992e-01          1135    4.7646324e-04      8.36e+09      8.43e+10      5.06e+02      1.67e+08      1.04e+07             1             2             3             3             3             5            12            44             0             0
 5.1745638e-01          1136    4.7645792e-04      8.34e+09      8.42e+10      5.09e+02      1.65e+08      1.03e+07             1             2             3             3             3             5            12            44             0             0
 5.1793281e-01          1137    4.7643190e-04      8.39e+09      8.15e+10      5.04e+02      1.62e+08      1.01e+07             1             2             3             3             3             5            11            44             0             0
 5.1840921e-01          1138    4.7639995e-04      8.46e+09      8.22e+10      5.05e+02      1.63e+08      1.02e+07             1             2             3             3             3             5            11            44             0             0
 5.1888555e-01          1139    4.7633679e-04      8.49e+09      8.25e+10      5.14e+02      1.61e+08      1.00e+07             1             2             3             3             3             5            11            44             0             0
 5.1936198e-01          1140    4.7643733e-04      8.52e+09      9.07e+10      5.44e+02      1.67e+08      1.04e+07             1             2             3             3             3             5            13            45             0             0
 5.1983832e-01          1141    4.7634182e-04      8.57e+09      9.09e+10      5.71e+02      1.59e+08      9.95e+06             1             2             3             3             3             5            13            45             0             0
 5.2031494e-01          1142    4.7661455e-04      8.61e+09      8.73e+10      5.51e+02      1.58e+08      9.90e+06             1             2             3             3             3             5            12            44             0             0
 5.2079156e-01          1143    4.7662467e-04      8.65e+09      8.46e+10      5.16e+02      1.64e+08      1.02e+07             1             2             3             3             3             5            11            44             0             0
 5.2126809e-01          1144    4.7652678e-04      8.68e+09      8.50e+10      5.20e+02      1.63e+08      1.02e+07             1             2             3             3             3             5            11            43             0             0
