#         Time      Step      NPatch  WaveLevel  NWavePatch/NPatch  WaveVolume/Volume
 9.9009901e-03         0        4096         -1             0.0000             0.0000
 1.0000000e-02         1        4096         -1             0.0000             0.0000
 1.0100000e-02         2        4096         -1             0.0000             0.0000
 1.0201000e-02         3        4096         -1             0.0000             0.0000
 1.0303010e-02         4        4096         -1             0.0000             0.0000
 1.0406040e-02         5        4096         -1             0.0000             0.0000
 1.0510101e-02         6        4096         -1             0.0000             0.0000
 1.0615202e-02         7        4096         -1             0.0000             0.0000
 1.0721354e-02         8        4096         -1             0.0000             0.0000
 1.0828567e-02         9        4096         -1             0.0000             0.0000
 1.0936853e-02        10        4096         -1             0.0000             0.0000
 1.1046221e-02        11        4096         -1             0.0000             0.0000
 1.1156683e-02        12        4096         -1             0.0000             0.0000
 1.1268250e-02        13        4096         -1             0.0000             0.0000
 1.1380933e-02        14        4096         -1             0.0000             0.0000
 1.1494742e-02        15        4096         -1             0.0000             0.0000
 1.1609690e-02        16        4096         -1             0.0000             0.0000
 1.1725786e-02        17        4096         -1             0.0000             0.0000
 1.1843044e-02        18        4096         -1             0.0000             0.0000
 1.1961475e-02        19        4096         -1             0.0000             0.0000
 1.2081090e-02        20        4096         -1             0.0000             0.0000
 1.2201900e-02        21        4096         -1             0.0000             0.0000
 1.2323919e-02        22        4096         -1             0.0000             0.0000
 1.2447159e-02        23        4096         -1             0.0000             0.0000
 1.2571630e-02        24        4096         -1             0.0000             0.0000
 1.2697346e-02        25        4096         -1             0.0000             0.0000
 1.2824320e-02        26        4096         -1             0.0000             0.0000
 1.2952563e-02        27        4096         -1             0.0000             0.0000
 1.3082089e-02        28        4096         -1             0.0000             0.0000
 1.3212910e-02        29        4096         -1             0.0000             0.0000
 1.3345039e-02        30        4096         -1             0.0000             0.0000
 1.3478489e-02        31        4096         -1             0.0000             0.0000
 1.3613274e-02        32        4096         -1             0.0000             0.0000
 1.3749407e-02        33        4096         -1             0.0000             0.0000
 1.3886901e-02        34        4096         -1             0.0000             0.0000
 1.4025770e-02        35        4096         -1             0.0000             0.0000
 1.4166028e-02        36        4096         -1             0.0000             0.0000
 1.4307688e-02        37        4096         -1             0.0000             0.0000
 1.4450765e-02        38        4096         -1             0.0000             0.0000
 1.4595272e-02        39        4096         -1             0.0000             0.0000
 1.4741225e-02        40        4096         -1             0.0000             0.0000
 1.4888637e-02        41        4096         -1             0.0000             0.0000
 1.5037524e-02        42        4096         -1             0.0000             0.0000
 1.5187899e-02        43        4096         -1             0.0000             0.0000
 1.5339778e-02        44        4096         -1             0.0000             0.0000
 1.5493176e-02        45        4096         -1             0.0000             0.0000
 1.5648107e-02        46        4096         -1             0.0000             0.0000
 1.5804589e-02        47        4096         -1             0.0000             0.0000
 1.5962634e-02        48        4096         -1             0.0000             0.0000
 1.6122261e-02        49        4096         -1             0.0000             0.0000
 1.6283483e-02        50        4096         -1             0.0000             0.0000
 1.6446318e-02        51        4096         -1             0.0000             0.0000
 1.6610781e-02        52        4096         -1             0.0000             0.0000
 1.6776889e-02        53        4096         -1             0.0000             0.0000
 1.6944658e-02        54        4096         -1             0.0000             0.0000
 1.7114105e-02        55        4096         -1             0.0000             0.0000
 1.7285246e-02        56        4096         -1             0.0000             0.0000
 1.7458098e-02        57        4096         -1             0.0000             0.0000
 1.7632679e-02        58        4096         -1             0.0000             0.0000
 1.7809006e-02        59        4096         -1             0.0000             0.0000
 1.7987096e-02        60        4096         -1             0.0000             0.0000
 1.8166967e-02        61        4096         -1             0.0000             0.0000
 1.8348637e-02        62        4096         -1             0.0000             0.0000
 1.8532123e-02        63        4096         -1             0.0000             0.0000
 1.8717444e-02        64        4096         -1             0.0000             0.0000
 1.8904619e-02        65        4096         -1             0.0000             0.0000
 1.9093665e-02        66        4096         -1             0.0000             0.0000
 1.9284602e-02        67        4096         -1             0.0000             0.0000
 1.9477448e-02        68        4096         -1             0.0000             0.0000
 1.9672222e-02        69        4096         -1             0.0000             0.0000
 1.9868944e-02        70        4096         -1             0.0000             0.0000
 2.0067634e-02        71        4096         -1             0.0000             0.0000
 2.0268310e-02        72        4096         -1             0.0000             0.0000
 2.0470993e-02        73        4096         -1             0.0000             0.0000
 2.0675703e-02        74        4096         -1             0.0000             0.0000
 2.0882460e-02        75        4096         -1             0.0000             0.0000
 2.1091285e-02        76        4096         -1             0.0000             0.0000
 2.1302198e-02        77        4096         -1             0.0000             0.0000
 2.1515220e-02        78        4096         -1             0.0000             0.0000
 2.1730372e-02        79        4096         -1             0.0000             0.0000
 2.1947675e-02        80        4096         -1             0.0000             0.0000
 2.2167152e-02        81        4096         -1             0.0000             0.0000
 2.2388824e-02        82        4096         -1             0.0000             0.0000
 2.2612712e-02        83        4096         -1             0.0000             0.0000
 2.2838839e-02        84        4096         -1             0.0000             0.0000
 2.3067227e-02        85        4096         -1             0.0000             0.0000
 2.3297900e-02        86        4096         -1             0.0000             0.0000
 2.3530879e-02        87        4096         -1             0.0000             0.0000
 2.3766187e-02        88        4096         -1             0.0000             0.0000
 2.4003849e-02        89        4096         -1             0.0000             0.0000
 2.4243888e-02        90        4096         -1             0.0000             0.0000
 2.4486327e-02        91        4096         -1             0.0000             0.0000
 2.4731190e-02        92        4096         -1             0.0000             0.0000
 2.4978502e-02        93        4096         -1             0.0000             0.0000
 2.5228287e-02        94        4096         -1             0.0000             0.0000
 2.5480570e-02        95        4096         -1             0.0000             0.0000
 2.5735376e-02        96        4096         -1             0.0000             0.0000
 2.5992729e-02        97        4096         -1             0.0000             0.0000
 2.6252657e-02        98        4096         -1             0.0000             0.0000
 2.6515183e-02        99        4096         -1             0.0000             0.0000
 2.6780335e-02       100        4096         -1             0.0000             0.0000
 2.7048138e-02       101        4096         -1             0.0000             0.0000
 2.7318620e-02       102        4096         -1             0.0000             0.0000
 2.7591806e-02       103        4096         -1             0.0000             0.0000
 2.7867724e-02       104        4096         -1             0.0000             0.0000
 2.8146401e-02       105        4096         -1             0.0000             0.0000
 2.8427865e-02       106        4096         -1             0.0000             0.0000
 2.8712144e-02       107        4096         -1             0.0000             0.0000
 2.8999265e-02       108        4096         -1             0.0000             0.0000
 2.9289258e-02       109        4096         -1             0.0000             0.0000
 2.9582151e-02       110        4096         -1             0.0000             0.0000
 2.9877972e-02       111        4096         -1             0.0000             0.0000
 3.0176752e-02       112        4096         -1             0.0000             0.0000
 3.0478519e-02       113        4096         -1             0.0000             0.0000
 3.0783304e-02       114        4096         -1             0.0000             0.0000
 3.1091137e-02       115        4096         -1             0.0000             0.0000
 3.1402049e-02       116        4096         -1             0.0000             0.0000
 3.1716069e-02       117        4096         -1             0.0000             0.0000
 3.2033230e-02       118        4096         -1             0.0000             0.0000
 3.2353562e-02       119        4096         -1             0.0000             0.0000
 3.2677098e-02       120        4096         -1             0.0000             0.0000
 3.3003869e-02       121        4096         -1             0.0000             0.0000
 3.3333908e-02       122        4096         -1             0.0000             0.0000
 3.3667247e-02       123        4096         -1             0.0000             0.0000
 3.4003919e-02       124        4096         -1             0.0000             0.0000
 3.4343958e-02       125        4096         -1             0.0000             0.0000
 3.4687398e-02       126        4096         -1             0.0000             0.0000
 3.5034272e-02       127        4096         -1             0.0000             0.0000
 3.5384615e-02       128        4096         -1             0.0000             0.0000
 3.5738461e-02       129        4096         -1             0.0000             0.0000
 3.6095845e-02       130        4096         -1             0.0000             0.0000
 3.6456804e-02       131        4096         -1             0.0000             0.0000
 3.6821372e-02       132        4096         -1             0.0000             0.0000
 3.7189586e-02       133        4096         -1             0.0000             0.0000
 3.7561481e-02       134        4096         -1             0.0000             0.0000
 3.7937096e-02       135        4096         -1             0.0000             0.0000
 3.8316467e-02       136        4096         -1             0.0000             0.0000
 3.8699632e-02       137        4096         -1             0.0000             0.0000
 3.9086628e-02       138        4096         -1             0.0000             0.0000
 3.9477495e-02       139        4096         -1             0.0000             0.0000
 3.9872269e-02       140        4096         -1             0.0000             0.0000
 4.0270992e-02       141        4096         -1             0.0000             0.0000
 4.0673702e-02       142        4096         -1             0.0000             0.0000
 4.1080439e-02       143        4096         -1             0.0000             0.0000
 4.1491244e-02       144        4096         -1             0.0000             0.0000
 4.1906156e-02       145        4096         -1             0.0000             0.0000
 4.2325217e-02       146        4096         -1             0.0000             0.0000
 4.2748470e-02       147        4096         -1             0.0000             0.0000
 4.3175954e-02       148        4096         -1             0.0000             0.0000
 4.3607714e-02       149        4096         -1             0.0000             0.0000
 4.4043791e-02       150        4096         -1             0.0000             0.0000
 4.4484229e-02       151        4096         -1             0.0000             0.0000
 4.4929071e-02       152        4096         -1             0.0000             0.0000
 4.5378362e-02       153        4096         -1             0.0000             0.0000
 4.5832146e-02       154        4096         -1             0.0000             0.0000
 4.6290467e-02       155        4096         -1             0.0000             0.0000
 4.6753372e-02       156        4096         -1             0.0000             0.0000
 4.7220905e-02       157        4096         -1             0.0000             0.0000
 4.7693114e-02       158        4096         -1             0.0000             0.0000
 4.8170046e-02       159        4096         -1             0.0000             0.0000
 4.8651746e-02       160        4096         -1             0.0000             0.0000
 4.9138264e-02       161        4096         -1             0.0000             0.0000
 4.9629646e-02       162        4096         -1             0.0000             0.0000
 5.0125943e-02       163        4096         -1             0.0000             0.0000
 5.0627202e-02       164        4096         -1             0.0000             0.0000
 5.1133474e-02       165        4096         -1             0.0000             0.0000
 5.1644809e-02       166        4096         -1             0.0000             0.0000
 5.2161257e-02       167        4096         -1             0.0000             0.0000
 5.2682869e-02       168        4096         -1             0.0000             0.0000
 5.3209698e-02       169        4096         -1             0.0000             0.0000
 5.3741795e-02       170        4096         -1             0.0000             0.0000
 5.4279213e-02       171        4096         -1             0.0000             0.0000
 5.4822005e-02       172        4096         -1             0.0000             0.0000
 5.5370225e-02       173        4096         -1             0.0000             0.0000
 5.5923928e-02       174        4096         -1             0.0000             0.0000
 5.6483167e-02       175        4096         -1             0.0000             0.0000
 5.7047998e-02       176        4096         -1             0.0000             0.0000
 5.7618478e-02       177        4096         -1             0.0000             0.0000
 5.8194663e-02       178        4096         -1             0.0000             0.0000
 5.8776610e-02       179        4096         -1             0.0000             0.0000
 5.9364376e-02       180        4096         -1             0.0000             0.0000
 5.9958020e-02       181        4096         -1             0.0000             0.0000
 6.0557600e-02       182        4096         -1             0.0000             0.0000
 6.1163176e-02       183        4096         -1             0.0000             0.0000
 6.1774808e-02       184        4096         -1             0.0000             0.0000
 6.2392556e-02       185        4096         -1             0.0000             0.0000
 6.3016481e-02       186        4096         -1             0.0000             0.0000
 6.3646646e-02       187        4096         -1             0.0000             0.0000
 6.4283113e-02       188        4096         -1             0.0000             0.0000
 6.4925944e-02       189        4096         -1             0.0000             0.0000
 6.5575203e-02       190        4096         -1             0.0000             0.0000
 6.6230955e-02       191        4096         -1             0.0000             0.0000
 6.6893265e-02       192        4096         -1             0.0000             0.0000
 6.7562197e-02       193        4096         -1             0.0000             0.0000
 6.8237819e-02       194        4096         -1             0.0000             0.0000
 6.8920198e-02       195        4096         -1             0.0000             0.0000
 6.9609400e-02       196        4096         -1             0.0000             0.0000
 7.0305494e-02       197        4096         -1             0.0000             0.0000
 7.1008548e-02       198        4096         -1             0.0000             0.0000
 7.1718634e-02       199        4096         -1             0.0000             0.0000
 7.2435820e-02       200        4096         -1             0.0000             0.0000
 7.3160179e-02       201        4096         -1             0.0000             0.0000
 7.3891780e-02       202        4096         -1             0.0000             0.0000
 7.4630698e-02       203        4096         -1             0.0000             0.0000
 7.5377005e-02       204        4096         -1             0.0000             0.0000
 7.6130775e-02       205        4096         -1             0.0000             0.0000
 7.6892083e-02       206        4096         -1             0.0000             0.0000
 7.7661004e-02       207        4096         -1             0.0000             0.0000
 7.8437614e-02       208        4096         -1             0.0000             0.0000
 7.9221990e-02       209        4096         -1             0.0000             0.0000
 8.0014210e-02       210        4096         -1             0.0000             0.0000
 8.0814352e-02       211        4096         -1             0.0000             0.0000
 8.1622495e-02       212        4096         -1             0.0000             0.0000
 8.2438720e-02       213        4096         -1             0.0000             0.0000
 8.3263108e-02       214        4096         -1             0.0000             0.0000
 8.4095739e-02       215        4096         -1             0.0000             0.0000
 8.4936696e-02       216        4096         -1             0.0000             0.0000
 8.5786063e-02       217        4096         -1             0.0000             0.0000
 8.6643924e-02       218        4096         -1             0.0000             0.0000
 8.7510363e-02       219        4096         -1             0.0000             0.0000
 8.8381509e-02       220        4096         -1             0.0000             0.0000
 8.9247266e-02       221        4096         -1             0.0000             0.0000
 9.0107739e-02       222        4096         -1             0.0000             0.0000
 9.0963028e-02       223        4096         -1             0.0000             0.0000
 9.1813230e-02       224        4096         -1             0.0000             0.0000
 9.2658441e-02       225        4096         -1             0.0000             0.0000
 9.3498752e-02       226        4096         -1             0.0000             0.0000
 9.4334251e-02       227        4096         -1             0.0000             0.0000
 9.5165023e-02       228        4096         -1             0.0000             0.0000
 9.5991151e-02       229        4096         -1             0.0000             0.0000
 9.6812716e-02       230        4096         -1             0.0000             0.0000
 9.7629796e-02       231        4096         -1             0.0000             0.0000
 9.8442465e-02       232        4096         -1             0.0000             0.0000
 9.9250798e-02       233        4096         -1             0.0000             0.0000
 1.0005487e-01       234        4096         -1             0.0000             0.0000
 1.0085474e-01       235        4096         -1             0.0000             0.0000
 1.0165048e-01       236        4096         -1             0.0000             0.0000
 1.0244215e-01       237        4096         -1             0.0000             0.0000
 1.0322983e-01       238        4096         -1             0.0000             0.0000
 1.0401356e-01       239        4096         -1             0.0000             0.0000
 1.0479342e-01       240        4096         -1             0.0000             0.0000
 1.0556945e-01       241        4096         -1             0.0000             0.0000
 1.0634172e-01       242        4096         -1             0.0000             0.0000
 1.0711028e-01       243        4096         -1             0.0000             0.0000
 1.0787519e-01       244        4096         -1             0.0000             0.0000
 1.0863649e-01       245        4096         -1             0.0000             0.0000
 1.0939423e-01       246        4096         -1             0.0000             0.0000
 1.1014848e-01       247        4096         -1             0.0000             0.0000
 1.1089927e-01       248        4096         -1             0.0000             0.0000
 1.1164665e-01       249        4096         -1             0.0000             0.0000
 1.1239067e-01       250        4096         -1             0.0000             0.0000
 1.1313138e-01       251        4096         -1             0.0000             0.0000
 1.1386881e-01       252        4096         -1             0.0000             0.0000
 1.1460301e-01       253        4096         -1             0.0000             0.0000
 1.1533403e-01       254        4096         -1             0.0000             0.0000
 1.1606190e-01       255        4096         -1             0.0000             0.0000
 1.1678666e-01       256        4096         -1             0.0000             0.0000
 1.1750836e-01       257        4096         -1             0.0000             0.0000
 1.1822702e-01       258        4096         -1             0.0000             0.0000
 1.1894270e-01       259        4096         -1             0.0000             0.0000
 1.1965541e-01       260        4096         -1             0.0000             0.0000
 1.2036521e-01       261        4096         -1             0.0000             0.0000
 1.2107212e-01       262        4096         -1             0.0000             0.0000
 1.2177619e-01       263        4096         -1             0.0000             0.0000
 1.2247743e-01       264        4096         -1             0.0000             0.0000
 1.2317589e-01       265        4096         -1             0.0000             0.0000
 1.2387159e-01       266        4096         -1             0.0000             0.0000
 1.2456457e-01       267        4096         -1             0.0000             0.0000
 1.2525485e-01       268        4096         -1             0.0000             0.0000
 1.2594246e-01       269        4096         -1             0.0000             0.0000
 1.2662741e-01       270        4096         -1             0.0000             0.0000
 1.2730974e-01       271        4096         -1             0.0000             0.0000
 1.2798948e-01       272        4096         -1             0.0000             0.0000
 1.2866666e-01       273        4096         -1             0.0000             0.0000
 1.2934130e-01       274        4096         -1             0.0000             0.0000
 1.3001343e-01       275        4096         -1             0.0000             0.0000
 1.3068307e-01       276        4096         -1             0.0000             0.0000
 1.3135026e-01       277        4096         -1             0.0000             0.0000
 1.3201501e-01       278        4096         -1             0.0000             0.0000
 1.3267736e-01       279        4096         -1             0.0000             0.0000
 1.3333732e-01       280        4096         -1             0.0000             0.0000
 1.3399492e-01       281        4096         -1             0.0000             0.0000
 1.3465019e-01       282        4096         -1             0.0000             0.0000
 1.3530314e-01       283        4096         -1             0.0000             0.0000
 1.3595381e-01       284        4096         -1             0.0000             0.0000
 1.3660220e-01       285        4096         -1             0.0000             0.0000
 1.3724835e-01       286        4096         -1             0.0000             0.0000
 1.3789227e-01       287        4096         -1             0.0000             0.0000
 1.3853399e-01       288        4096         -1             0.0000             0.0000
 1.3917352e-01       289        4096         -1             0.0000             0.0000
 1.3981089e-01       290        4096         -1             0.0000             0.0000
 1.4044612e-01       291        4096         -1             0.0000             0.0000
 1.4107922e-01       292        4312         -1             0.0000             0.0000
 1.4171022e-01       293        4312         -1             0.0000             0.0000
 1.4233913e-01       294        4312         -1             0.0000             0.0000
 1.4296598e-01       295        4312         -1             0.0000             0.0000
 1.4359077e-01       296        4456         -1             0.0000             0.0000
 1.4421354e-01       297        4456         -1             0.0000             0.0000
 1.4483429e-01       298        4456         -1             0.0000             0.0000
 1.4545305e-01       299        4456         -1             0.0000             0.0000
 1.4606983e-01       300        4720         -1             0.0000             0.0000
 1.4668465e-01       301        4720         -1             0.0000             0.0000
 1.4729752e-01       302        4720         -1             0.0000             0.0000
 1.4790847e-01       303        4720         -1             0.0000             0.0000
 1.4851750e-01       304        4744         -1             0.0000             0.0000
 1.4912464e-01       305        4744         -1             0.0000             0.0000
 1.4972989e-01       306        4744         -1             0.0000             0.0000
 1.5033328e-01       307        4744         -1             0.0000             0.0000
 1.5093482e-01       308        4864         -1             0.0000             0.0000
 1.5153453e-01       309        4864         -1             0.0000             0.0000
 1.5213241e-01       310        4864         -1             0.0000             0.0000
 1.5272849e-01       311        4864         -1             0.0000             0.0000
 1.5332278e-01       312        4888         -1             0.0000             0.0000
 1.5391528e-01       313        4888         -1             0.0000             0.0000
 1.5450602e-01       314        4888         -1             0.0000             0.0000
 1.5509502e-01       315        4888         -1             0.0000             0.0000
 1.5568227e-01       316        4992         -1             0.0000             0.0000
 1.5626780e-01       317        4992         -1             0.0000             0.0000
 1.5685162e-01       318        4992         -1             0.0000             0.0000
 1.5743373e-01       319        4992         -1             0.0000             0.0000
 1.5801417e-01       320        5168         -1             0.0000             0.0000
 1.5859293e-01       321        5168         -1             0.0000             0.0000
 1.5917002e-01       322        5168         -1             0.0000             0.0000
 1.5974547e-01       323        5168         -1             0.0000             0.0000
 1.6031929e-01       324        5216         -1             0.0000             0.0000
 1.6089148e-01       325        5216         -1             0.0000             0.0000
 1.6146205e-01       326        5216         -1             0.0000             0.0000
 1.6203102e-01       327        5216         -1             0.0000             0.0000
 1.6259840e-01       328        5320         -1             0.0000             0.0000
 1.6316421e-01       329        5320         -1             0.0000             0.0000
 1.6372844e-01       330        5320         -1             0.0000             0.0000
 1.6429112e-01       331        5320         -1             0.0000             0.0000
 1.6485224e-01       332        6088         -1             0.0000             0.0000
 1.6541184e-01       333        6088         -1             0.0000             0.0000
 1.6596990e-01       334        6088         -1             0.0000             0.0000
 1.6652645e-01       335        6088         -1             0.0000             0.0000
 1.6708150e-01       336        6160         -1             0.0000             0.0000
 1.6763505e-01       337        6160         -1             0.0000             0.0000
 1.6818711e-01       338        6160         -1             0.0000             0.0000
 1.6873771e-01       339        6160         -1             0.0000             0.0000
 1.6928684e-01       340        6448         -1             0.0000             0.0000
 1.6983451e-01       341        6448         -1             0.0000             0.0000
 1.7038074e-01       342        6448         -1             0.0000             0.0000
 1.7092552e-01       343        6448         -1             0.0000             0.0000
 1.7146888e-01       344        6984         -1             0.0000             0.0000
 1.7201082e-01       345        6984         -1             0.0000             0.0000
 1.7255135e-01       346        6984         -1             0.0000             0.0000
 1.7309048e-01       347        6984         -1             0.0000             0.0000
 1.7362821e-01       348        7440         -1             0.0000             0.0000
 1.7416455e-01       349        7440         -1             0.0000             0.0000
 1.7469952e-01       350        7440         -1             0.0000             0.0000
 1.7523313e-01       351        7440         -1             0.0000             0.0000
 1.7576537e-01       352        7680         -1             0.0000             0.0000
 1.7629626e-01       353        7680         -1             0.0000             0.0000
 1.7682581e-01       354        7680         -1             0.0000             0.0000
 1.7735402e-01       355        7680         -1             0.0000             0.0000
 1.7788090e-01       356        8280         -1             0.0000             0.0000
 1.7840644e-01       357        8280         -1             0.0000             0.0000
 1.7893066e-01       358        8280         -1             0.0000             0.0000
 1.7945357e-01       359        8280         -1             0.0000             0.0000
 1.7997517e-01       360        8832         -1             0.0000             0.0000
 1.8049546e-01       361        8832         -1             0.0000             0.0000
 1.8101447e-01       362        8832         -1             0.0000             0.0000
 1.8153219e-01       363        8832         -1             0.0000             0.0000
 1.8204863e-01       364        9344         -1             0.0000             0.0000
 1.8256380e-01       365        9344         -1             0.0000             0.0000
 1.8307771e-01       366        9344         -1             0.0000             0.0000
 1.8359039e-01       367        9344         -1             0.0000             0.0000
 1.8410181e-01       368        9808         -1             0.0000             0.0000
 1.8461199e-01       369        9808         -1             0.0000             0.0000
 1.8512093e-01       370        9808         -1             0.0000             0.0000
 1.8562864e-01       371        9808         -1             0.0000             0.0000
 1.8613511e-01       372       10280         -1             0.0000             0.0000
 1.8664035e-01       373       10280         -1             0.0000             0.0000
 1.8714436e-01       374       10280         -1             0.0000             0.0000
 1.8764717e-01       375       10280         -1             0.0000             0.0000
 1.8814876e-01       376       10728         -1             0.0000             0.0000
 1.8864914e-01       377       10728         -1             0.0000             0.0000
 1.8914833e-01       378       10728         -1             0.0000             0.0000
 1.8964632e-01       379       10728         -1             0.0000             0.0000
 1.9014313e-01       380       11632         -1             0.0000             0.0000
 1.9063875e-01       381       11632         -1             0.0000             0.0000
 1.9113320e-01       382       11632         -1             0.0000             0.0000
 1.9162648e-01       383       11632         -1             0.0000             0.0000
 1.9211860e-01       384       12440         -1             0.0000             0.0000
 1.9260957e-01       385       12440         -1             0.0000             0.0000
 1.9309938e-01       386       12440         -1             0.0000             0.0000
 1.9358805e-01       387       12440         -1             0.0000             0.0000
 1.9407558e-01       388       13520         -1             0.0000             0.0000
 1.9456763e-01       389       13520         -1             0.0000             0.0000
 1.9505860e-01       390       13520         -1             0.0000             0.0000
 1.9554861e-01       391       13520         -1             0.0000             0.0000
 1.9603753e-01       392       14312         -1             0.0000             0.0000
 1.9652538e-01       393       14312         -1             0.0000             0.0000
 1.9701216e-01       394       14312         -1             0.0000             0.0000
 1.9749787e-01       395       14312         -1             0.0000             0.0000
 1.9798252e-01       396       15136         -1             0.0000             0.0000
 1.9846612e-01       397       15136         -1             0.0000             0.0000
 1.9894866e-01       398       15136         -1             0.0000             0.0000
 1.9943016e-01       399       15136         -1             0.0000             0.0000
 1.9991061e-01       400       16680         -1             0.0000             0.0000
 2.0039004e-01       401       16680         -1             0.0000             0.0000
 2.0086843e-01       402       16680         -1             0.0000             0.0000
 2.0134579e-01       403       16680         -1             0.0000             0.0000
 2.0182213e-01       404       17440         -1             0.0000             0.0000
 2.0229745e-01       405       17440         -1             0.0000             0.0000
 2.0277176e-01       406       17440         -1             0.0000             0.0000
 2.0324505e-01       407       17440         -1             0.0000             0.0000
 2.0371735e-01       408       18160         -1             0.0000             0.0000
 2.0418864e-01       409       18160         -1             0.0000             0.0000
 2.0465894e-01       410       18160         -1             0.0000             0.0000
 2.0512826e-01       411       18160         -1             0.0000             0.0000
 2.0559658e-01       412       19496         -1             0.0000             0.0000
 2.0606393e-01       413       19496         -1             0.0000             0.0000
 2.0653030e-01       414       20576          4             0.0525             0.0001
 2.0699570e-01       415       20576          4             0.0525             0.0001
 2.0746013e-01       416       22744          4             0.0834             0.0001
 2.0792454e-01       417       22744          4             0.0834             0.0001
 2.0838799e-01       418       23424          4             0.1100             0.0002
 2.0885047e-01       419       23424          4             0.1100             0.0002
 2.0931201e-01       420       25456          4             0.1254             0.0002
 2.0977259e-01       421       25456          4             0.1254             0.0002
 2.1023224e-01       422       26000          4             0.1437             0.0002
 2.1069095e-01       423       26000          4             0.1437             0.0002
 2.1114872e-01       424       27528          4             0.1555             0.0003
 2.1160556e-01       425       27528          4             0.1555             0.0003
 2.1206148e-01       426       27928          4             0.1676             0.0003
 2.1251648e-01       427       27928          4             0.1676             0.0003
 2.1297055e-01       428       29680          4             0.1792             0.0003
 2.1342372e-01       429       29680          4             0.1792             0.0003
 2.1387597e-01       430       30272          4             0.1953             0.0004
 2.1432732e-01       431       30272          4             0.1953             0.0004
 2.1477776e-01       432       31760          4             0.1975             0.0004
 2.1522730e-01       433       31760          4             0.1975             0.0004
 2.1567595e-01       434       32272          4             0.2102             0.0004
 2.1612370e-01       435       32272          4             0.2102             0.0004
 2.1657057e-01       436       33816          4             0.2181             0.0004
 2.1701656e-01       437       33816          4             0.2181             0.0004
 2.1746166e-01       438       34704          4             0.2381             0.0005
 2.1790589e-01       439       34704          4             0.2381             0.0005
 2.1834924e-01       440       36360          4             0.2473             0.0005
 2.1879763e-01       441       36360          4             0.2473             0.0005
 2.1924517e-01       442       37088          4             0.2621             0.0006
 2.1969187e-01       443       37088          4             0.2621             0.0006
 2.2013773e-01       444       38960          4             0.2663             0.0006
 2.2058276e-01       445       38960          4             0.2663             0.0006
 2.2102695e-01       446       39488          4             0.2761             0.0006
 2.2147031e-01       447       39488          4             0.2761             0.0006
 2.2191284e-01       448       41952          4             0.2719             0.0007
 2.2235455e-01       449       41952          4             0.2719             0.0007
 2.2279545e-01       450       42408          4             0.2798             0.0007
 2.2323552e-01       451       42408          4             0.2798             0.0007
 2.2367478e-01       452       44600          4             0.2827             0.0008
 2.2411324e-01       453       44600          4             0.2827             0.0008
 2.2455088e-01       454       45136          4             0.2912             0.0008
 2.2498772e-01       455       45136          4             0.2912             0.0008
 2.2542376e-01       456       47024          4             0.2887             0.0008
 2.2590067e-01       457       47272          4             0.2924             0.0008
 2.2637678e-01       458       48104          4             0.2965             0.0009
 2.2685209e-01       459       48584          4             0.3035             0.0009
 2.2732660e-01       460       49752          4             0.3033             0.0009
 2.2780032e-01       461       50144          4             0.3087             0.0009
 2.2827326e-01       462       51080          4             0.3114             0.0009
 2.2874541e-01       463       51496          4             0.3169             0.0010
 2.2921677e-01       464       52624          4             0.3159             0.0010
 2.2968737e-01       465       52960          4             0.3202             0.0010
 2.3015719e-01       466       53512          4             0.3210             0.0010
 2.3062624e-01       467       53736          4             0.3238             0.0010
 2.3109453e-01       468       55416          4             0.3208             0.0011
 2.3156205e-01       469       55824          4             0.3257             0.0011
 2.3202882e-01       470       57064          4             0.3247             0.0011
 2.3249487e-01       471       57552          4             0.3304             0.0011
 2.3296016e-01       472       59088          4             0.3275             0.0012
 2.3342471e-01       473       59504          4             0.3322             0.0012
 2.3388852e-01       474       61344          4             0.3271             0.0012
 2.3435160e-01       475       61688          4             0.3308             0.0012
 2.3481394e-01       476       63672          4             0.3249             0.0012
 2.3527556e-01       477       64056          4             0.3290             0.0013
 2.3573646e-01       478       64984          4             0.3303             0.0013
 2.3619663e-01       479       65432          4             0.3349             0.0013
 2.3665608e-01       480       66968          4             0.3310             0.0013
 2.3712164e-01       481       67232          4             0.3337             0.0013
 2.3758650e-01       482       69296          4             0.3378             0.0014
 2.3805066e-01       483       69816          4             0.3427             0.0014
 2.3851413e-01       484       71688          4             0.3414             0.0015
 2.3897691e-01       485       72272          4             0.3467             0.0015
 2.3943901e-01       486       73792          4             0.3476             0.0015
 2.3990042e-01       487       74384          4             0.3528             0.0016
 2.4036115e-01       488       75496          4             0.3524             0.0016
 2.4083893e-01       489       76152          4             0.3580             0.0016
 2.4131600e-01       490       77952          4             0.3577             0.0017
 2.4179238e-01       491       78296          4             0.3605             0.0017
 2.4226807e-01       492       79536          4             0.3612             0.0017
 2.4274307e-01       493       80088          4             0.3656             0.0017
 2.4321739e-01       494       81480          4             0.3666             0.0018
 2.4369103e-01       495       81944          4             0.3702             0.0018
 2.4416399e-01       496       83472          4             0.3714             0.0018
 2.4463628e-01       497       84016          4             0.3755             0.0019
 2.4510789e-01       498       85352          4             0.3727             0.0019
 2.4557884e-01       499       85984          4             0.3773             0.0019
 2.4604913e-01       500       87296          4             0.3779             0.0020
 2.4651875e-01       501       87928          4             0.3824             0.0020
 2.4698771e-01       502       89576          4             0.3839             0.0020
 2.4745602e-01       503       90208          4             0.3882             0.0021
 2.4792368e-01       504       92552          4             0.3864             0.0021
 2.4839069e-01       505       92984          4             0.3892             0.0022
 2.4885705e-01       506       94552          4             0.3906             0.0022
 2.4932277e-01       507       95280          4             0.3952             0.0022
 2.4978785e-01       508       97968          4             0.3897             0.0023
 2.5025231e-01       509       98760          4             0.3946             0.0023
 2.5071612e-01       510      100888          4             0.3962             0.0024
 2.5117931e-01       511      101656          4             0.4008             0.0024
 2.5164187e-01       512      103600          4             0.4005             0.0025
 2.5210381e-01       513      104360          4             0.4048             0.0025
 2.5256513e-01       514      106208          4             0.4041             0.0026
 2.5302583e-01       515      107104          4             0.4091             0.0026
 2.5348591e-01       516      109472          4             0.4103             0.0027
 2.5394538e-01       517      110224          4             0.4143             0.0027
 2.5440424e-01       518      111936          4             0.4152             0.0028
 2.5486249e-01       519      112744          4             0.4194             0.0028
 2.5532014e-01       520      114936          4             0.4195             0.0029
 2.5577718e-01       521      115680          4             0.4232             0.0029
 2.5623363e-01       522      118064          4             0.4235             0.0030
 2.5668947e-01       523      118920          4             0.4276             0.0030
 2.5714473e-01       524      121032          4             0.4273             0.0031
 2.5759939e-01       525      121672          4             0.4303             0.0031
 2.5805346e-01       526      124392          4             0.4328             0.0032
 2.5850695e-01       527      125216          4             0.4366             0.0033
 2.5895985e-01       528      127360          4             0.4377             0.0033
 2.5941217e-01       529      128576          4             0.4430             0.0034
 2.5986391e-01       530      130728          4             0.4423             0.0034
 2.6031508e-01       531      131560          4             0.4458             0.0035
 2.6076567e-01       532      133816          4             0.4447             0.0035
 2.6121569e-01       533      134592          4             0.4479             0.0036
 2.6166514e-01       534      136152          4             0.4494             0.0036
 2.6211403e-01       535      137440          4             0.4545             0.0037
 2.6256235e-01       536      139408          4             0.4554             0.0038
 2.6301011e-01       537      140312          4             0.4589             0.0038
 2.6345731e-01       538      142400          4             0.4594             0.0039
 2.6390396e-01       539      143648          4             0.4641             0.0040
 2.6435005e-01       540      145936          4             0.4625             0.0040
 2.6479559e-01       541      146736          4             0.4654             0.0041
 2.6524059e-01       542      148312          4             0.4651             0.0041
 2.6568504e-01       543      149344          4             0.4688             0.0042
 2.6612894e-01       544      151808          4             0.4689             0.0042
 2.6657902e-01       545      152608          4             0.4717             0.0043
 2.6702856e-01       546      155048          4             0.4721             0.0044
 2.6747757e-01       547      155968          4             0.4752             0.0044
 2.6792603e-01       548      157920          4             0.4755             0.0045
 2.6837397e-01       549      158736          4             0.4782             0.0045
 2.6882137e-01       550      161424          4             0.4769             0.0046
 2.6926824e-01       551      161424          4             0.4769             0.0046
 2.6971459e-01       552      165144          4             0.4806             0.0047
 2.7016040e-01       553      166592          4             0.4851             0.0048
 2.7060570e-01       554      169272          4             0.4883             0.0049
 2.7105047e-01       555      169272          4             0.4883             0.0049
 2.7149473e-01       556      172904          4             0.4920             0.0051
 2.7193847e-01       557      173512          4             0.4938             0.0051
 2.7238170e-01       558      176352          4             0.4937             0.0052
 2.7282441e-01       559      176352          4             0.4937             0.0052
 2.7326660e-01       560      180488          4             0.4954             0.0053
 2.7370829e-01       561      181456          4             0.4981             0.0054
 2.7414947e-01       562      183840          4             0.4995             0.0055
 2.7459014e-01       563      183840          4             0.4995             0.0055
 2.7503031e-01       564      187168          4             0.5019             0.0056
 2.7546998e-01       565      188776          4             0.5034             0.0057
 2.7590915e-01       566      190552          4             0.5043             0.0057
 2.7634782e-01       567      191768          4             0.5052             0.0058
 2.7678599e-01       568      194040          4             0.5047             0.0058
 2.7722366e-01       569      195496          4             0.5084             0.0059
 2.7766085e-01       570      198024          4             0.5075             0.0060
 2.7809754e-01       571      198872          4             0.5096             0.0060
 2.7853374e-01       572      202272          4             0.5079             0.0061
 2.7896946e-01       573      203728          4             0.5115             0.0062
 2.7940469e-01       574      205728          4             0.5118             0.0063
 2.7983943e-01       575      207288          4             0.5155             0.0064
 2.8027370e-01       576      209672          4             0.5149             0.0064
 2.8070748e-01       577      210776          4             0.5174             0.0065
 2.8114079e-01       578      213136          4             0.5170             0.0066
 2.8157362e-01       579      214112          4             0.5192             0.0066
 2.8200598e-01       580      216320          4             0.5198             0.0067
 2.8243786e-01       581      217424          4             0.5223             0.0068
 2.8286927e-01       582      219880          4             0.5221             0.0068
 2.8330021e-01       583      221088          4             0.5247             0.0069
 2.8373069e-01       584      223864          4             0.5226             0.0070
 2.8416070e-01       585      225104          4             0.5253             0.0070
 2.8459024e-01       586      227496          4             0.5248             0.0071
 2.8501933e-01       587      228792          4             0.5275             0.0072
 2.8544795e-01       588      231008          4             0.5260             0.0072
 2.8587611e-01       589      232240          4             0.5285             0.0073
 2.8630382e-01       590      234824          4             0.5281             0.0074
 2.8673107e-01       591      236064          4             0.5306             0.0075
 2.8715786e-01       592      238536          4             0.5299             0.0075
 2.8758420e-01       593      239976          4             0.5328             0.0076
 2.8801009e-01       594      242080          4             0.5336             0.0077
 2.8843553e-01       595      243168          4             0.5357             0.0078
 2.8886053e-01       596      245680          4             0.5351             0.0078
 2.8928507e-01       597      247184          4             0.5379             0.0079
 2.8970917e-01       598      249688          4             0.5378             0.0080
 2.9013283e-01       599      251016          4             0.5402             0.0081
 2.9055605e-01       600      254016          4             0.5397             0.0082
 2.9097883e-01       601      254016          4             0.5397             0.0082
 2.9140116e-01       602      258272          4             0.5425             0.0084
 2.9182306e-01       603      259816          4             0.5452             0.0084
 2.9224453e-01       604      262640          4             0.5451             0.0085
 2.9266556e-01       605      263728          4             0.5470             0.0086
 2.9308615e-01       606      266360          4             0.5471             0.0087
 2.9350632e-01       607      267952          4             0.5498             0.0088
 2.9392605e-01       608      271240          4             0.5498             0.0089
 2.9434536e-01       609      272384          4             0.5517             0.0090
 2.9476424e-01       610      275360          4             0.5526             0.0091
 2.9518269e-01       611      277144          4             0.5539             0.0091
 2.9560072e-01       612      280496          4             0.5554             0.0093
 2.9601833e-01       613      281544          4             0.5571             0.0093
 2.9643551e-01       614      284272          4             0.5585             0.0095
 2.9685228e-01       615      285456          4             0.5597             0.0095
 2.9726862e-01       616      288120          4             0.5602             0.0096
 2.9771802e-01       617      289416          4             0.5622             0.0097
 2.9816703e-01       618      292296          4             0.5646             0.0098
 2.9861566e-01       619      293720          4             0.5657             0.0099
 2.9906391e-01       620      297416          4             0.5659             0.0100
 2.9951178e-01       621      298688          4             0.5677             0.0101
 2.9995927e-01       622      302072          4             0.5685             0.0102
 3.0040638e-01       623      304048          4             0.5695             0.0103
 3.0085312e-01       624      307104          4             0.5712             0.0105
 3.0129948e-01       625      307920          4             0.5724             0.0105
 3.0174547e-01       626      311176          4             0.5728             0.0106
 3.0219109e-01       627      312392          4             0.5735             0.0107
 3.0263634e-01       628      315504          4             0.5736             0.0108
 3.0308122e-01       629      316392          4             0.5748             0.0108
 3.0352574e-01       630      319824          4             0.5752             0.0110
 3.0396989e-01       631      321672          4             0.5766             0.0111
 3.0441368e-01       632      325064          4             0.5758             0.0112
 3.0487449e-01       633      326032          4             0.5771             0.0112
 3.0533491e-01       634      329800          4             0.5779             0.0114
 3.0579494e-01       635      331552          4             0.5781             0.0114
 3.0625458e-01       636      334176          4             0.5802             0.0116
 3.0671384e-01       637      335408          4             0.5817             0.0116
 3.0717271e-01       638      338976          4             0.5819             0.0118
 3.0763119e-01       639      340272          4             0.5833             0.0118
 3.0808929e-01       640      342856          4             0.5838             0.0119
 3.0854702e-01       641      344200          4             0.5855             0.0120
 3.0900436e-01       642      348280          4             0.5860             0.0122
 3.0946133e-01       643      349824          4             0.5866             0.0122
 3.0991792e-01       644      353424          4             0.5880             0.0124
 3.1037413e-01       645      354392          4             0.5891             0.0124
 3.1082997e-01       646      358224          4             0.5906             0.0126
 3.1128544e-01       647      360224          4             0.5919             0.0127
 3.1174054e-01       648      363936          4             0.5918             0.0128
 3.1219527e-01       649      365216          4             0.5933             0.0129
 3.1264963e-01       650      369272          4             0.5939             0.0131
 3.1310363e-01       651      371576          4             0.5952             0.0132
 3.1355726e-01       652      374328          4             0.5954             0.0133
 3.1401053e-01       653      376744          4             0.5964             0.0134
 3.1446343e-01       654      378520          4             0.5971             0.0135
 3.1491598e-01       655      380376          4             0.5976             0.0135
 3.1536817e-01       656      382456          4             0.5978             0.0136
 3.1582000e-01       657      384832          4             0.5988             0.0137
 3.1627147e-01       658      387896          4             0.5997             0.0139
 3.1672259e-01       659      389088          4             0.5997             0.0139
 3.1717336e-01       660      392600          4             0.6007             0.0141
 3.1762377e-01       661      394928          4             0.6012             0.0142
 3.1807383e-01       662      397096          4             0.6021             0.0143
 3.1852354e-01       663      398304          4             0.6027             0.0143
 3.1897291e-01       664      401648          4             0.6031             0.0144
 3.1942839e-01       665      403568          4             0.6037             0.0145
 3.1988347e-01       666      405960          4             0.6042             0.0146
 3.2033815e-01       667      407440          4             0.6046             0.0147
 3.2079243e-01       668      410680          4             0.6054             0.0148
 3.2124632e-01       669      412680          4             0.6061             0.0149
 3.2169980e-01       670      415472          4             0.6066             0.0150
 3.2215289e-01       671      416792          4             0.6070             0.0151
 3.2260559e-01       672      420928          4             0.6074             0.0152
 3.2305789e-01       673      423320          4             0.6086             0.0154
 3.2350980e-01       674      426024          4             0.6093             0.0155
 3.2396132e-01       675      427176          4             0.6097             0.0155
 3.2441246e-01       676      430200          4             0.6109             0.0157
 3.2486320e-01       677      432408          4             0.6116             0.0158
 3.2531356e-01       678      434616          4             0.6125             0.0159
 3.2576354e-01       679      435648          4             0.6131             0.0159
 3.2621313e-01       680      439160          4             0.6139             0.0161
 3.2666234e-01       681      441352          4             0.6145             0.0162
 3.2711117e-01       682      444160          4             0.6149             0.0163
 3.2755962e-01       683      445424          4             0.6154             0.0163
 3.2800769e-01       684      449272          4             0.6152             0.0165
 3.2845539e-01       685      451720          4             0.6161             0.0166
 3.2890271e-01       686      454384          4             0.6168             0.0167
 3.2934965e-01       687      455720          4             0.6173             0.0168
 3.2979623e-01       688      458496          4             0.6187             0.0169
 3.3024243e-01       689      461376          4             0.6196             0.0170
 3.3068826e-01       690      465848          4             0.6217             0.0171
 3.3113373e-01       691      468264          4             0.6235             0.0172
 3.3157883e-01       692      473312          4             0.6254             0.0173
 3.3202356e-01       693      476912          4             0.6269             0.0175
 3.3246792e-01       694      478920          4             0.6273             0.0175
 3.3291192e-01       695      481960          4             0.6283             0.0176
 3.3335556e-01       696      487432          4             0.6305             0.0178
 3.3379884e-01       697      490984          4             0.6314             0.0179
 3.3424176e-01       698      495392          4             0.6337             0.0181
 3.3468433e-01       699      497744          4             0.6344             0.0181
 3.3512653e-01       700      502912          4             0.6365             0.0183
 3.3556839e-01       701      509920          4             0.6409             0.0184
 3.3600988e-01       702      518568          4             0.6444             0.0186
 3.3645103e-01       703      525496          4             0.6490             0.0186
 3.3689183e-01       704      533920          4             0.6520             0.0188
 3.3733227e-01       705      539224          4             0.6541             0.0189
 3.3777237e-01       706      542712          4             0.6547             0.0190
 3.3821211e-01       707      545656          4             0.6555             0.0191
 3.3865152e-01       708      551848          4             0.6588             0.0193
 3.3909058e-01       709      558000          4             0.6606             0.0194
 3.3952929e-01       710      564008          4             0.6632             0.0195
 3.3996767e-01       711      564840          4             0.6633             0.0196
 3.4040570e-01       712      569904          4             0.6640             0.0198
 3.4084340e-01       713      573064          4             0.6648             0.0199
 3.4128076e-01       714      576704          4             0.6649             0.0201
 3.4171778e-01       715      582816          4             0.6680             0.0201
 3.4215447e-01       716      591480          4             0.6711             0.0204
 3.4259083e-01       717      600440          4             0.6755             0.0205
 3.4302685e-01       718      607400          4             0.6775             0.0206
 3.4346254e-01       719      611456          4             0.6790             0.0207
 3.4389790e-01       720      617760          4             0.6802             0.0209
 3.4433294e-01       721      623216          4             0.6821             0.0210
 3.4476765e-01       722      627536          4             0.6836             0.0212
 3.4520204e-01       723      630864          4             0.6850             0.0212
 3.4563610e-01       724      633360          4             0.6851             0.0214
 3.4606984e-01       725      636560          4             0.6857             0.0215
 3.4650326e-01       726      642208          4             0.6875             0.0217
 3.4693635e-01       727      646848          4             0.6895             0.0218
 3.4736913e-01       728      650520          4             0.6895             0.0219
 3.4780159e-01       729      655816          4             0.6911             0.0221
 3.4823373e-01       730      658584          4             0.6911             0.0222
 3.4866556e-01       731      662840          4             0.6927             0.0222
 3.4909707e-01       732      666816          4             0.6930             0.0224
 3.4952827e-01       733      673640          4             0.6956             0.0226
 3.4995915e-01       734      675824          4             0.6956             0.0227
 3.5038973e-01       735      678352          4             0.6966             0.0228
 3.5081999e-01       736      686344          4             0.6985             0.0230
 3.5124995e-01       737      691224          4             0.7000             0.0231
 3.5167960e-01       738      694064          4             0.7002             0.0233
 3.5210893e-01       739      698240          4             0.7020             0.0234
 3.5253796e-01       740      702432          4             0.7027             0.0235
 3.5296667e-01       741      716184          4             0.7080             0.0236
 3.5339508e-01       742      723072          4             0.7093             0.0238
 3.5382318e-01       743      728976          4             0.7111             0.0239
 3.5425097e-01       744      735104          4             0.7121             0.0240
 3.5467845e-01       745      738032          4             0.7126             0.0241
 3.5510563e-01       746      743680          4             0.7131             0.0243
 3.5553251e-01       747      749112          4             0.7149             0.0244
 3.5595908e-01       748      752136          4             0.7144             0.0245
 3.5638535e-01       749      757864          4             0.7160             0.0246
 3.5681133e-01       750      758488          4             0.7159             0.0248
 3.5723702e-01       751      764256          4             0.7177             0.0249
 3.5766240e-01       752      767832          4             0.7177             0.0250
 3.5808750e-01       753      772496          4             0.7185             0.0251
 3.5851231e-01       754      777512          4             0.7198             0.0253
 3.5893683e-01       755      779408          4             0.7201             0.0253
 3.5936106e-01       756      785080          4             0.7207             0.0255
 3.5978501e-01       757      787352          4             0.7203             0.0256
 3.6020866e-01       758      793264          4             0.7214             0.0258
 3.6063203e-01       759      796840          4             0.7223             0.0258
 3.6105512e-01       760      798912          4             0.7222             0.0260
 3.6147791e-01       761      809552          4             0.7252             0.0261
 3.6190042e-01       762      816736          4             0.7267             0.0262
 3.6232263e-01       763      822200          4             0.7283             0.0263
 3.6274455e-01       764      833040          4             0.7306             0.0265
 3.6316618e-01       765      839920          4             0.7324             0.0266
 3.6358751e-01       766      846672          4             0.7341             0.0267
 3.6400856e-01       767      864368          4             0.7394             0.0268
 3.6442932e-01       768      868408          4             0.7396             0.0270
 3.6484980e-01       769      876840          4             0.7416             0.0271
 3.6527000e-01       770      881472          4             0.7422             0.0272
 3.6568992e-01       771      884992          4             0.7431             0.0273
 3.6610957e-01       772      890296          4             0.7438             0.0275
 3.6652894e-01       773      896280          4             0.7449             0.0276
 3.6694804e-01       774      902344          4             0.7460             0.0278
 3.6736686e-01       775      904464          4             0.7463             0.0279
 3.6778540e-01       776      911192          4             0.7470             0.0281
 3.6820371e-01       777      914456          4             0.7476             0.0282
 3.6862173e-01       778      920608          4             0.7486             0.0284
 3.6903949e-01       779      927024          4             0.7502             0.0284
 3.6945698e-01       780      928976          4             0.7493             0.0286
 3.6987420e-01       781      934928          4             0.7504             0.0287
 3.7029115e-01       782      939928          4             0.7512             0.0289
 3.7070783e-01       783      942872          4             0.7517             0.0289
 3.7112424e-01       784      950672          4             0.7530             0.0291
 3.7154038e-01       785      956632          4             0.7543             0.0292
 3.7195625e-01       786      957264          4             0.7537             0.0294
 3.7237185e-01       787      964496          4             0.7552             0.0294
 3.7278719e-01       788      966904          4             0.7546             0.0296
 3.7320226e-01       789      972272          4             0.7556             0.0298
 3.7361708e-01       790      976288          4             0.7559             0.0299
 3.7403163e-01       791      980616          4             0.7568             0.0300
 3.7444594e-01       792      987048          4             0.7576             0.0302
 3.7485998e-01       793      992256          4             0.7582             0.0303
 3.7527378e-01       794      996864          4             0.7587             0.0304
 3.7568733e-01       795      998608          4             0.7590             0.0305
 3.7610061e-01       796     1006248          4             0.7595             0.0307
 3.7651364e-01       797     1011424          4             0.7601             0.0308
 3.7692641e-01       798     1017280          4             0.7610             0.0310
 3.7733892e-01       799     1017464          4             0.7608             0.0310
 3.7775116e-01       800     1023680          4             0.7618             0.0313
 3.7816314e-01       801     1027168          4             0.7621             0.0314
 3.7857487e-01       802     1033456          4             0.7628             0.0315
 3.7898634e-01       803     1039912          4             0.7642             0.0315
 3.7939756e-01       804     1044672          4             0.7649             0.0317
 3.7980854e-01       805     1049880          4             0.7657             0.0318
 3.8021926e-01       806     1056032          4             0.7663             0.0320
 3.8062973e-01       807     1058184          4             0.7666             0.0321
 3.8103996e-01       808     1061736          4             0.7668             0.0322
 3.8144994e-01       809     1068072          4             0.7678             0.0323
 3.8185976e-01       810     1075816          4             0.7688             0.0325
 3.8226933e-01       811     1076072          4             0.7687             0.0325
 3.8267866e-01       812     1082848          4             0.7693             0.0327
 3.8308775e-01       813     1089080          4             0.7701             0.0328
 3.8349658e-01       814     1092152          4             0.7702             0.0330
 3.8390517e-01       815     1097384          4             0.7711             0.0330
 3.8431352e-01       816     1106848          4             0.7721             0.0332
 3.8472162e-01       817     1113096          4             0.7729             0.0333
 3.8512948e-01       818     1115344          4             0.7726             0.0334
 3.8553710e-01       819     1118760          4             0.7731             0.0335
 3.8594448e-01       820     1125896          4             0.7742             0.0336
 3.8635162e-01       821     1134360          4             0.7756             0.0338
 3.8675856e-01       822     1138312          4             0.7760             0.0339
 3.8716528e-01       823     1144088          4             0.7769             0.0340
 3.8757176e-01       824     1152144          4             0.7776             0.0342
 3.8797801e-01       825     1153736          4             0.7778             0.0343
 3.8838403e-01       826     1158600          4             0.7779             0.0344
 3.8878982e-01       827     1163816          4             0.7787             0.0344
 3.8919538e-01       828     1168560          4             0.7791             0.0346
 3.8960071e-01       829     1172728          4             0.7796             0.0347
 3.9000581e-01       830     1176216          4             0.7797             0.0349
 3.9041067e-01       831     1184352          4             0.7810             0.0350
 3.9081531e-01       832     1187824          4             0.7809             0.0352
 3.9121971e-01       833     1198080          4             0.7825             0.0353
 3.9162389e-01       834     1202624          4             0.7827             0.0354
 3.9202784e-01       835     1208320          4             0.7836             0.0355
 3.9243157e-01       836     1212456          4             0.7840             0.0356
 3.9283507e-01       837     1218536          4             0.7848             0.0358
 3.9323835e-01       838     1224800          4             0.7856             0.0359
 3.9364136e-01       839     1231552          4             0.7865             0.0360
 3.9404415e-01       840     1241840          4             0.7880             0.0362
 3.9444671e-01       841     1247248          4             0.7884             0.0363
 3.9484905e-01       842     1255344          4             0.7890             0.0365
 3.9525117e-01       843     1264352          4             0.7904             0.0365
 3.9565307e-01       844     1271080          4             0.7910             0.0367
 3.9605475e-01       845     1277960          4             0.7919             0.0368
 3.9645621e-01       846     1286152          4             0.7928             0.0370
 3.9685746e-01       847     1287664          4             0.7928             0.0370
 3.9725850e-01       848     1293712          4             0.7927             0.0372
 3.9765932e-01       849     1304624          4             0.7942             0.0373
 3.9805996e-01       850     1307832          4             0.7943             0.0375
 3.9846038e-01       851     1320104          4             0.7960             0.0375
 3.9886084e-01       852     1323736          4             0.7963             0.0377
 3.9926107e-01       853     1330760          4             0.7970             0.0378
 3.9966110e-01       854     1338824          4             0.7977             0.0380
 4.0006091e-01       855     1344256          4             0.7984             0.0380
 4.0046050e-01       856     1351112          4             0.7990             0.0382
 4.0085989e-01       857     1360768          4             0.8001             0.0383
 4.0125906e-01       858     1367632          4             0.8007             0.0385
 4.0165804e-01       859     1369928          4             0.8008             0.0385
 4.0205681e-01       860     1376632          4             0.8012             0.0387
 4.0245538e-01       861     1383144          4             0.8019             0.0389
 4.0285372e-01       862     1386208          4             0.8021             0.0390
 4.0325186e-01       863     1392584          4             0.8029             0.0391
 4.0364980e-01       864     1405424          4             0.8038             0.0392
 4.0404754e-01       865     1412152          4             0.8043             0.0394
 4.0444507e-01       866     1420432          4             0.8053             0.0395
 4.0484239e-01       867     1423296          4             0.8054             0.0396
 4.0523951e-01       868     1433384          4             0.8061             0.0398
 4.0563636e-01       869     1443448          4             0.8071             0.0399
 4.0603303e-01       870     1447392          4             0.8071             0.0400
 4.0642949e-01       871     1452728          4             0.8077             0.0401
 4.0682576e-01       872     1456424          4             0.8076             0.0402
 4.0722185e-01       873     1465256          4             0.8085             0.0404
 4.0761775e-01       874     1472840          4             0.8091             0.0406
 4.0801345e-01       875     1479736          4             0.8099             0.0406
 4.0840891e-01       876     1488296          4             0.8107             0.0408
 4.0880418e-01       877     1490504          4             0.8108             0.0409
 4.0919925e-01       878     1500224          4             0.8114             0.0410
 4.0959412e-01       879     1502592          4             0.8115             0.0411
 4.0998879e-01       880     1509688          4             0.8119             0.0413
 4.1038326e-01       881     1520752          4             0.8130             0.0414
 4.1077753e-01       882     1531104          4             0.8138             0.0415
 4.1117159e-01       883     1534928          4             0.8141             0.0416
 4.1156545e-01       884     1540608          4             0.8143             0.0417
 4.1195911e-01       885     1549816          4             0.8152             0.0419
 4.1235256e-01       886     1559680          4             0.8161             0.0420
 4.1274582e-01       887     1567832          4             0.8169             0.0421
 4.1313889e-01       888     1577384          4             0.8174             0.0423
 4.1353169e-01       889     1579944          4             0.8175             0.0424
 4.1392428e-01       890     1586824          4             0.8181             0.0425
 4.1431668e-01       891     1592832          4             0.8187             0.0426
 4.1470889e-01       892     1603328          4             0.8193             0.0428
 4.1510094e-01       893     1612864          4             0.8200             0.0429
 4.1549280e-01       894     1619560          4             0.8206             0.0430
 4.1588447e-01       895     1625944          4             0.8211             0.0431
 4.1627592e-01       896     1634096          4             0.8208             0.0432
 4.1666717e-01       897     1639544          4             0.8213             0.0433
 4.1705824e-01       898     1648344          4             0.8222             0.0435
 4.1744912e-01       899     1651608          4             0.8224             0.0436
 4.1783979e-01       900     1658528          4             0.8226             0.0438
 4.1823002e-01       901     1670992          4             0.8238             0.0439
 4.1862005e-01       902     1672432          4             0.8236             0.0440
 4.1900991e-01       903     1680688          4             0.8243             0.0441
 4.1939958e-01       904     1686688          4             0.8244             0.0443
 4.1978907e-01       905     1699528          4             0.8254             0.0445
 4.2017837e-01       906     1702320          4             0.8254             0.0446
 4.2056733e-01       907     1705120          4             0.8256             0.0446
 4.2095608e-01       908     1714440          4             0.8262             0.0448
 4.2134466e-01       909     1717576          4             0.8263             0.0449
 4.2173301e-01       910     1726488          4             0.8267             0.0450
 4.2212117e-01       911     1732128          4             0.8273             0.0451
 4.2250914e-01       912     1742192          4             0.8279             0.0453
 4.2289699e-01       913     1750104          4             0.8285             0.0454
 4.2328465e-01       914     1761280          4             0.8291             0.0455
 4.2367214e-01       915     1764856          4             0.8293             0.0456
 4.2405943e-01       916     1775952          4             0.8302             0.0458
 4.2444674e-01       917     1781112          4             0.8304             0.0460
 4.2483387e-01       918     1788576          4             0.8308             0.0461
 4.2522076e-01       919     1797360          4             0.8316             0.0462
 4.2560747e-01       920     1805768          4             0.8315             0.0464
 4.2599401e-01       921     1814640          4             0.8321             0.0465
 4.2638037e-01       922     1825840          4             0.8329             0.0467
 4.2676657e-01       923     1824744          4             0.8327             0.0468
 4.2715260e-01       924     1828040          4             0.8326             0.0470
 4.2753847e-01       925     1838968          4             0.8335             0.0471
 4.2792417e-01       926     1847816          4             0.8340             0.0472
 4.2830971e-01       927     1852248          4             0.8343             0.0473
 4.2869508e-01       928     1863592          4             0.8349             0.0475
 4.2908029e-01       929     1871176          4             0.8353             0.0476
 4.2946530e-01       930     1877720          4             0.8360             0.0478
 4.2985021e-01       931     1882928          4             0.8363             0.0479
 4.3023496e-01       932     1891056          4             0.8366             0.0481
 4.3061953e-01       933     1898256          4             0.8370             0.0482
 4.3100394e-01       934     1905832          4             0.8372             0.0483
 4.3138819e-01       935     1911968          4             0.8375             0.0483
 4.3177227e-01       936     1919560          4             0.8381             0.0485
 4.3215617e-01       937     1926296          4             0.8384             0.0486
 4.3253991e-01       938     1937880          4             0.8389             0.0488
 4.3292349e-01       939     1939808          4             0.8389             0.0489
 4.3330691e-01       940     1953760          4             0.8397             0.0491
 4.3369019e-01       941     1960880          4             0.8401             0.0492
 4.3407326e-01       942     1968288          4             0.8404             0.0493
 4.3445618e-01       943     1975096          4             0.8408             0.0494
 4.3483895e-01       944     1979960          4             0.8410             0.0496
 4.3532487e-01       945     1989208          4             0.8415             0.0497
 4.3581068e-01       946     2001696          4             0.8423             0.0499
 4.3629639e-01       947     2016016          4             0.8432             0.0500
 4.3678195e-01       948     2020848          4             0.8433             0.0502
 4.3726687e-01       949     2030184          4             0.8437             0.0503
 4.3775171e-01       950     2039672          4             0.8438             0.0505
 4.3823645e-01       951     2049376          4             0.8442             0.0506
 4.3872109e-01       952     2060048          4             0.8451             0.0508
 4.3920569e-01       953     2069776          4             0.8456             0.0510
 4.3969002e-01       954     2075928          4             0.8458             0.0512
 4.4017427e-01       955     2086232          4             0.8464             0.0513
 4.4065844e-01       956     2099616          4             0.8469             0.0515
 4.4114271e-01       957     2104128          4             0.8471             0.0515
 4.4162686e-01       958     2120048          4             0.8480             0.0518
 4.4211098e-01       959     2135232          4             0.8488             0.0520
 4.4259500e-01       960     2144872          4             0.8490             0.0521
 4.4307888e-01       961     2153352          4             0.8495             0.0522
 4.4356266e-01       962     2162384          4             0.8497             0.0524
 4.4404636e-01       963     2175024          4             0.8503             0.0526
 4.4452996e-01       964     2183560          4             0.8504             0.0527
 4.4501348e-01       965     2187240          4             0.8505             0.0528
 4.4549693e-01       966     2207616          4             0.8518             0.0531
 4.4598020e-01       967     2216728          4             0.8522             0.0533
 4.4646326e-01       968     2223944          4             0.8522             0.0535
 4.4694626e-01       969     2236344          4             0.8530             0.0535
 4.4742916e-01       970     2247352          4             0.8532             0.0538
 4.4791199e-01       971     2256600          4             0.8535             0.0540
 4.4839474e-01       972     2265544          4             0.8540             0.0541
 4.4887736e-01       973     2271136          4             0.8544             0.0542
 4.4935989e-01       974     2291592          4             0.8552             0.0544
 4.4984236e-01       975     2302336          4             0.8557             0.0546
 4.5032477e-01       976     2314208          4             0.8564             0.0547
 4.5080711e-01       977     2420144          4             0.8626             0.0548
 4.5128939e-01       978     2599928          4             0.8716             0.0551
 4.5177235e-01       979     2647536          4             0.8737             0.0553
 4.5225525e-01       980     2688560          4             0.8751             0.0554
 4.5273807e-01       981     2708904          4             0.8761             0.0555
 4.5322083e-01       982     2742216          4             0.8772             0.0557
 4.5370347e-01       983     2760992          4             0.8777             0.0558
 4.5418605e-01       984     2782296          4             0.8784             0.0561
 4.5466858e-01       985     2792456          4             0.8788             0.0562
 4.5515108e-01       986     2808176          4             0.8792             0.0565
 4.5563353e-01       987     2831192          4             0.8801             0.0566
 4.5611550e-01       988     2841616          4             0.8803             0.0568
 4.5659741e-01       989     2854752          4             0.8808             0.0569
 4.5707922e-01       990     2875120          4             0.8814             0.0572
 4.5756091e-01       991     2886472          4             0.8817             0.0573
 4.5804254e-01       992     2901880          4             0.8821             0.0575
 4.5852410e-01       993     2914008          4             0.8825             0.0575
 4.5900559e-01       994     2929864          4             0.8828             0.0578
 4.5948707e-01       995     2948096          4             0.8834             0.0580
 4.5996845e-01       996     2961208          4             0.8838             0.0581
 4.6044975e-01       997     2985736          4             0.8847             0.0582
 4.6093096e-01       998     3013776          4             0.8854             0.0585
 4.6141204e-01       999     3031424          4             0.8859             0.0587
 4.6189323e-01      1000     3036128          4             0.8858             0.0588
 4.6237435e-01      1001     3046304          4             0.8862             0.0589
 4.6285540e-01      1002     3069472          4             0.8868             0.0592
 4.6333617e-01      1003     3079616          4             0.8872             0.0592
 4.6381686e-01      1004     3083184          4             0.8870             0.0595
 4.6429750e-01      1005     3106224          4             0.8878             0.0595
 4.6477810e-01      1006     3119856          4             0.8881             0.0597
 4.6525865e-01      1007     3134448          4             0.8886             0.0597
 4.6573916e-01      1008     3162792          4             0.8893             0.0600
 4.6621962e-01      1009     3167528          4             0.8894             0.0600
 4.6670008e-01      1010     3189752          4             0.8900             0.0604
 4.6718062e-01      1011     3193272          4             0.8901             0.0604
 4.6766109e-01      1012     3215480          4             0.8904             0.0607
 4.6814152e-01      1013     3223224          4             0.8907             0.0607
 4.6862188e-01      1014     3243016          4             0.8910             0.0611
 4.6910216e-01      1015     3257288          4             0.8914             0.0611
 4.6958238e-01      1016     3271640          4             0.8917             0.0613
 4.7006255e-01      1017     3282472          4             0.8920             0.0615
 4.7054269e-01      1018     3296960          4             0.8924             0.0617
 4.7102277e-01      1019     3312296          4             0.8929             0.0618
 4.7150278e-01      1020     3354424          4             0.8937             0.0620
 4.7198259e-01      1021     3475248          4             0.8974             0.0622
 4.7246237e-01      1022     3527344          4             0.8985             0.0624
 4.7294210e-01      1023     3536960          4             0.8988             0.0625
 4.7342181e-01      1024     3551216          4             0.8990             0.0627
 4.7390147e-01      1025     3569264          4             0.8995             0.0629
 4.7438103e-01      1026     3585216          4             0.8997             0.0630
 4.7486052e-01      1027     3594720          4             0.9000             0.0632
 4.7533994e-01      1028     3615216          4             0.9002             0.0634
 4.7581929e-01      1029     3629184          4             0.9006             0.0635
 4.7629885e-01      1030     3642128          4             0.9006             0.0637
 4.7677831e-01      1031     3659984          4             0.9011             0.0638
 4.7725771e-01      1032     3672120          4             0.9012             0.0641
 4.7773707e-01      1033     3698072          4             0.9019             0.0642
 4.7821636e-01      1034     3722008          4             0.9022             0.0644
 4.7869561e-01      1035     3722688          4             0.9022             0.0646
 4.7917482e-01      1036     3740504          4             0.9023             0.0648
 4.7965414e-01      1037     3762616          4             0.9028             0.0650
 4.8013345e-01      1038     3781992          4             0.9030             0.0651
 4.8061270e-01      1039     3804008          4             0.9035             0.0652
 4.8109193e-01      1040     3834336          4             0.9040             0.0656
 4.8157113e-01      1041     3842400          4             0.9040             0.0657
 4.8205033e-01      1042     3864456          4             0.9044             0.0659
 4.8252915e-01      1043     3871416          4             0.9045             0.0660
 4.8300795e-01      1044     3902160          4             0.9051             0.0662
 4.8348681e-01      1045     3929464          4             0.9054             0.0664
 4.8396562e-01      1046     3952360          4             0.9058             0.0666
 4.8444439e-01      1047     3975248          4             0.9063             0.0667
 4.8492309e-01      1048     3997656          4             0.9066             0.0669
 4.8540174e-01      1049     4016824          4             0.9069             0.0671
 4.8588015e-01      1050     4040768          4             0.9073             0.0672
 4.8635847e-01      1051     4050272          4             0.9075             0.0673
 4.8683676e-01      1052     4069288          4             0.9077             0.0676
 4.8731502e-01      1053     4106120          4             0.9084             0.0677
 4.8779322e-01      1054     4127520          4             0.9087             0.0679
 4.8827136e-01      1055     4171672          4             0.9098             0.0679
 4.8874941e-01      1056     4182488          4             0.9098             0.0682
 4.8922744e-01      1057     4211392          4             0.9103             0.0684
 4.8970541e-01      1058     4227896          4             0.9105             0.0686
 4.9018334e-01      1059     4252480          4             0.9109             0.0687
 4.9066129e-01      1060     4269688          4             0.9109             0.0689
 4.9113919e-01      1061     4294856          4             0.9113             0.0691
 4.9161705e-01      1062     4319512          4             0.9117             0.0692
 4.9209490e-01      1063     4338032          4             0.9120             0.0694
 4.9257273e-01      1064     4355688          4             0.9121             0.0696
 4.9305050e-01      1065     4384808          4             0.9126             0.0698
 4.9352827e-01      1066     4390992          4             0.9127             0.0700
 4.9400600e-01      1067     4423632          4             0.9132             0.0701
 4.9448373e-01      1068     4440480          4             0.9134             0.0703
 4.9496134e-01      1069     4462744          4             0.9137             0.0705
 4.9543888e-01      1070     4484808          4             0.9140             0.0706
 4.9591642e-01      1071     4503880          4             0.9143             0.0707
 4.9639381e-01      1072     4515216          4             0.9143             0.0710
 4.9687120e-01      1073     4530488          4             0.9144             0.0712
 4.9734853e-01      1074     4562960          4             0.9150             0.0713
 4.9782581e-01      1075     4585112          4             0.9154             0.0714
 4.9830307e-01      1076     4600984          4             0.9155             0.0716
 4.9878030e-01      1077     4613440          4             0.9156             0.0718
 4.9925751e-01      1078     4637880          4             0.9159             0.0720
 4.9973444e-01      1079     4715088          4             0.9173             0.0721
 5.0000000e-01      1080     4760840          4             0.9178             0.0723
