#                  Coord.                Numerical               Analytical                    Error
   3.9062500000000000e-03   2.4533837041231660e-02   2.4533837041064453e-02   1.6720652640245248e-13
   1.1718750000000000e-02   7.3542407206620627e-02   7.3542407206140220e-02   4.8040738054311305e-13
   1.9531250000000000e-02   1.2237380727143482e-01   1.2237380727070230e-01   7.3252515164767829e-13
   2.7343750000000000e-02   1.7091039811575501e-01   1.7091039811486966e-01   8.8534735098733108e-13
   3.5156250000000000e-02   2.1903525084089850e-01   2.1903525083999545e-01   9.0305540823010233e-13
   4.2968750000000000e-02   2.6663242846138302e-01   2.6663242846062563e-01   7.5739414739928179e-13
   5.0781250000000000e-02   3.1358726520727503e-01   3.1358726520685171e-01   4.2332803928957219e-13
   5.8593750000000000e-02   3.5978664276407951e-01   3.5978664276419398e-01   1.1446399383885364e-13
   6.6406250000000000e-02   4.0511926278466731e-01   4.0511926278552934e-01   8.6203266747020280e-13
   7.4218750000000000e-02   4.4947591501674233e-01   4.4947591501855777e-01   1.8154366898670560e-12
   8.2031250000000000e-02   4.9274974039990777e-01   4.9274974040286612e-01   2.9583557825674234e-12
   8.9843750000000000e-02   5.3483648849850429e-01   5.3483648850276400e-01   4.2597037008818006e-12
   9.7656250000000000e-02   5.7563476865003971e-01   5.7563476865571517e-01   5.6754601018838002e-12
   1.0546875000000000e-01   6.1504629422417945e-01   6.1504629423132384e-01   7.1443961857653449e-12
   1.1328125000000000e-01   6.5297611940385014e-01   6.5297611941243638e-01   8.5862428278460357e-12
   1.2109375000000000e-01   6.8933286791802773e-01   6.8933286792793125e-01   9.9035224465637839e-12
   1.2890625000000000e-01   7.2402895317519378e-01   7.2402895318615945e-01   1.0965672814222671e-11
   1.3671875000000000e-01   7.5698078926703005e-01   7.5698078927871582e-01   1.1685763467994548e-11
   1.4453125000000000e-01   7.8810899233436960e-01   7.8810899234621334e-01   1.1843748204398707e-11
   1.5234375000000000e-01   8.1733857180966962e-01   8.1733857182095404e-01   1.1284417844592554e-11
   1.6015625000000000e-01   8.4459911107595154e-01   8.4459911108577423e-01   9.8226982103710725e-12
   1.6796875000000000e-01   8.6982493710660347e-01   8.6982493711384401e-01   7.2405414996978834e-12
   1.7578125000000000e-01   8.9295527867743041e-01   8.9295527868074021e-01   3.3097968810125167e-12
   1.8359375000000000e-01   9.1393441276984944e-01   9.1393441276764942e-01   2.2000179455972102e-12
   1.9140625000000000e-01   9.3271179881251254e-01   9.3271179880300126e-01   9.5112806519637161e-12
   1.9921875000000000e-01   9.4924220043796881e-01   9.4924220041913188e-01   1.8836932014210106e-11
   2.0703125000000000e-01   9.6348579446101956e-01   9.6348579443065574e-01   3.0363822567380794e-11
   2.1484375000000000e-01   9.7540826681622839e-01   9.7540826677200754e-01   4.4220849204634760e-11
   2.2265625000000000e-01   9.8498089522347321e-01   9.8498089516303178e-01   6.0441429639013222e-11
   2.3046875000000000e-01   9.9218061838240423e-01   9.9218061830347148e-01   7.8932749225657517e-11
   2.3828125000000000e-01   9.9699009152909912e-01   9.9699009142965955e-01   9.9439567691206321e-11
   2.4609375000000000e-01   9.9939772822102768e-01   9.9939772809957550e-01   1.2145218164505422e-10
   2.5390625000000000e-01   9.9939772825703410e-01   9.9939772810559691e-01   1.5143719611643292e-10
   2.6171875000000000e-01   9.9699009160985119e-01   9.9699009144770967e-01   1.6214152243065882e-10
   2.6953125000000000e-01   9.9218061851635064e-01   9.9218061833350646e-01   1.8284418423775151e-10
   2.7734375000000000e-01   9.8498089540473410e-01   9.8498089520497967e-01   1.9975443521502712e-10
   2.8515625000000000e-01   9.7540826702901839e-01   9.7540826682576698e-01   2.0325141569799143e-10
   2.9296875000000000e-01   9.6348579468669149e-01   9.6348579449609717e-01   1.9059431810575234e-10
   3.0078125000000000e-01   9.4924220065357434e-01   9.4924220049609775e-01   1.5747658732578884e-10
   3.0859375000000000e-01   9.3271179898493084e-01   9.3271179889130629e-01   9.3624552555127138e-11
   3.1640625000000000e-01   9.1393441285183941e-01   9.1393441286708077e-01   1.5241363726659074e-11
   3.2421875000000000e-01   8.9295527860662494e-01   8.9295527879105796e-01   1.8443302440829257e-10
   3.3203125000000000e-01   8.6982493680396589e-01   8.6982493723478305e-01   4.3081715972448364e-10
   3.3984375000000000e-01   8.4459911044132197e-01   8.4459911121704301e-01   7.7572104295597910e-10
   3.4765625000000000e-01   8.1733857071749116e-01   8.1733857196223603e-01   1.2447448627384006e-09
   3.5546875000000000e-01   7.8810899063711337e-01   7.8810899249716848e-01   1.8600551099368090e-09
   3.6328125000000000e-01   7.5698078681229852e-01   7.5698078943898039e-01   2.6266818720088736e-09
   3.7109375000000000e-01   7.2402894983628596e-01   7.2402895335534712e-01   3.5190611535895755e-09
   3.7890625000000000e-01   6.8933303038694438e-01   6.8933286810563466e-01   1.6228130972351096e-07
   3.8671875000000000e-01   6.5297603007008531e-01   6.5297611959822732e-01   8.9528142011019440e-08
   3.9453125000000000e-01   6.1504624127989793e-01   6.1504629442475489e-01   5.3144856959619347e-08
   4.0234375000000000e-01   5.7563479417247720e-01   5.7563476885632037e-01   2.5316156837540404e-08
   4.1015625000000000e-01   5.3483650846793218e-01   5.3483648871005962e-01   1.9757872560255407e-08
   4.1796875000000000e-01   4.9274973402842787e-01   4.9274974061635324e-01   6.5879253718925668e-09
   4.2578125000000000e-01   4.4947592863467950e-01   4.4947591523772207e-01   1.3396957432298962e-08
   4.3359375000000000e-01   4.0511932582339022e-01   4.0511926300984241e-01   6.2813547807571979e-08
   4.4140625000000000e-01   3.5978673885287538e-01   3.5978664299311586e-01   9.5859759519090204e-08
   4.4921875000000000e-01   3.1358735889541450e-01   3.1358726543983051e-01   9.3455583993762303e-08
   4.5703125000000000e-01   2.6663244198220371e-01   2.6663242869710058e-01   1.3285103128701792e-08
   4.6484375000000000e-01   2.1903496649576981e-01   2.1903525107939675e-01   2.8458362694161465e-07
   4.7265625000000000e-01   1.7090962988698383e-01   1.7091039835662014e-01   7.6846963631416187e-07
   4.8046875000000000e-01   1.2237379984115555e-01   1.2237380751422003e-01   7.6730644754663402e-09
   4.8828125000000000e-01   7.3541916112322470e-02   7.3542407450838523e-02   4.9133851605376311e-07
   4.9609375000000000e-01   2.4534844411618899e-02   2.4533837286353416e-02   1.0071252654828000e-06
   5.0390625000000000e-01  -2.4534844166331015e-02  -2.4533837041064432e-02   1.0071252665826147e-06
   5.1171875000000000e-01  -7.3541915867623195e-02  -7.3542407206140470e-02   4.9133851727500844e-07
   5.1953125000000000e-01  -1.2237379959764987e-01  -1.2237380727070238e-01   7.6730525128132498e-09
   5.2734375000000000e-01  -1.7090962964523146e-01  -1.7091039811486958e-01   7.6846963811827429e-07
   5.3515625000000000e-01  -2.1903496625636620e-01  -2.1903525083999567e-01   2.8458362946737203e-07
   5.4296875000000000e-01  -2.6663244174572787e-01  -2.6663242846062568e-01   1.3285102185012221e-08
   5.5078125000000000e-01  -3.1358735866243553e-01  -3.1358726520685148e-01   9.3455584049273455e-08
   5.5859375000000000e-01  -3.5978673862395361e-01  -3.5978664276419409e-01   9.5859759519090204e-08
   5.6640625000000000e-01  -4.0511932559907682e-01  -4.0511926278552929e-01   6.2813547530016223e-08
   5.7421875000000000e-01  -4.4947592841551492e-01  -4.4947591501855805e-01   1.3396956877187449e-08
   5.8203125000000000e-01  -4.9274973381494058e-01  -4.9274974040286618e-01   6.5879255939371717e-09
   5.8984375000000000e-01  -5.3483650826063645e-01  -5.3483648850276400e-01   1.9757872449233105e-08
   5.9765625000000000e-01  -5.7563479397187256e-01  -5.7563476865571539e-01   2.5316157170607312e-08
   6.0546875000000000e-01  -6.1504624108646533e-01  -6.1504629423132395e-01   5.3144858624953883e-08
   6.1328125000000000e-01  -6.5297602988429326e-01  -6.5297611941243627e-01   8.9528143010220163e-08
   6.2109375000000000e-01  -6.8933303020924419e-01  -6.8933286792793136e-01   1.6228131283213543e-07
   6.2890625000000000e-01  -7.2402894966709863e-01  -7.2402895318615945e-01   3.5190608205226681e-09
   6.3671875000000000e-01  -7.5698078665203317e-01  -7.5698078927871548e-01   2.6266823160980834e-09
   6.4453125000000000e-01  -7.8810899048615846e-01  -7.8810899234621290e-01   1.8600544438029942e-09
   6.5234375000000000e-01  -8.1733857057620929e-01  -8.1733857182095404e-01   1.2447447517160981e-09
   6.6015625000000000e-01  -8.4459911031005375e-01  -8.4459911108577423e-01   7.7572048784446679e-10
   6.6796875000000000e-01  -8.6982493668302674e-01  -8.6982493711384390e-01   4.3081715972448364e-10
   6.7578125000000000e-01  -8.9295527849630663e-01  -8.9295527868073998e-01   1.8443335747519995e-10
   6.8359375000000000e-01  -9.1393441275240761e-01  -9.1393441276764908e-01   1.5241474748961537e-11
   6.9140625000000000e-01  -9.3271179889662559e-01  -9.3271179880300126e-01   9.3624330510522213e-11
   6.9921875000000000e-01  -9.4924220057660824e-01  -9.4924220041913177e-01   1.5747647630348638e-10
   7.0703125000000000e-01  -9.6348579462124950e-01  -9.6348579443065563e-01   1.9059387401654249e-10
   7.1484375000000000e-01  -9.7540826697525906e-01  -9.7540826677200743e-01   2.0325163774259636e-10
   7.2265625000000000e-01  -9.8498089536278599e-01  -9.8498089516303167e-01   1.9975432419272465e-10
   7.3046875000000000e-01  -9.9218061848631545e-01  -9.9218061830347148e-01   1.8284396219314658e-10
   7.3828125000000000e-01  -9.9699009159180330e-01  -9.9699009142965955e-01   1.6214374287670807e-10
   7.4609375000000000e-01  -9.9939772825101258e-01  -9.9939772809957550e-01   1.5143708509413045e-10
   8.7890625000000000e-01  -6.8933286809573202e-01  -6.8933286810563510e-01   9.9030783573539338e-12
   8.8671875000000000e-01  -6.5297611958964141e-01  -6.5297611959822810e-01   8.5866869170558857e-12
   8.9453125000000000e-01  -6.1504629441761094e-01  -6.1504629442475567e-01   7.1447292526727324e-12
   9.0234375000000000e-01  -5.7563476885064480e-01  -5.7563476885632048e-01   5.6756821464887253e-12
   9.1015625000000000e-01  -5.3483648870580036e-01  -5.3483648871006018e-01   4.2598147231842631e-12
   9.1796875000000000e-01  -4.9274974061339577e-01  -4.9274974061635374e-01   2.9579672045088046e-12
   9.2578125000000000e-01  -4.4947591523590730e-01  -4.4947591523772257e-01   1.8152701564133622e-12
   9.3359375000000000e-01  -4.0511926300898116e-01  -4.0511926300984336e-01   8.6219920092389657e-13
   9.4140625000000000e-01  -3.5978664299300189e-01  -3.5978664299311597e-01   1.1407541578023483e-13
   9.4921875000000000e-01  -3.1358726544025389e-01  -3.1358726543983106e-01   4.2282843892849087e-13
   9.5703125000000000e-01  -2.6663242869785786e-01  -2.6663242869710113e-01   7.5672801358450670e-13
   9.6484375000000000e-01  -2.1903525108030034e-01  -2.1903525107939731e-01   9.0302765265448670e-13
   9.7265625000000000e-01  -1.7091039835750599e-01  -1.7091039835662114e-01   8.8484775062624976e-13
   9.8046875000000000e-01  -1.2237380751495312e-01  -1.2237380751422015e-01   7.3296924085752835e-13
   9.8828125000000000e-01  -7.3542407451318972e-02  -7.3542407450838648e-02   4.8032411381626616e-13
   9.9609375000000000e-01  -2.4533837286520598e-02  -2.4533837286353982e-02   1.6661672042062037e-13
   7.5390625000000000e-01  -9.9939772822704986e-01  -9.9939772810559691e-01   1.2145295880117146e-10
   7.6171875000000000e-01  -9.9699009154714924e-01  -9.9699009144770967e-01   9.9439567691206321e-11
   7.6953125000000000e-01  -9.9218061841243965e-01  -9.9218061833350657e-01   7.8933082292564904e-11
   7.7734375000000000e-01  -9.8498089526541988e-01  -9.8498089520497967e-01   6.0440208393686135e-11
   7.8515625000000000e-01  -9.7540826686998605e-01  -9.7540826682576698e-01   4.4219072847795360e-11
   7.9296875000000000e-01  -9.6348579452646244e-01  -9.6348579449609728e-01   3.0365154835010344e-11
   8.0078125000000000e-01  -9.4924220051493513e-01  -9.4924220049609798e-01   1.8837154058815031e-11
   8.0859375000000000e-01  -9.3271179890081746e-01  -9.3271179889130662e-01   9.5108365627538660e-12
   8.1640625000000000e-01  -9.1393441286928012e-01  -9.1393441286708066e-01   2.1994628340848976e-12
   8.2421875000000000e-01  -8.9295527878774794e-01  -8.9295527879105829e-01   3.3103519925248293e-12
   8.3203125000000000e-01  -8.6982493722754128e-01  -8.6982493723478327e-01   7.2419847896298961e-12
   8.3984375000000000e-01  -8.4459911120722075e-01  -8.4459911121704334e-01   9.8225871880686100e-12
   8.4765625000000000e-01  -8.1733857195095283e-01  -8.1733857196223658e-01   1.1283751710777778e-11
   8.5546875000000000e-01  -7.8810899248532429e-01  -7.8810899249716859e-01   1.1844303315911020e-11
   8.6328125000000000e-01  -7.5698078942729508e-01  -7.5698078943898051e-01   1.1685430401087160e-11
   8.7109375000000000e-01  -7.2402895334438200e-01  -7.2402895335534745e-01   1.0965450769617746e-11
