#                  Coord.                Numerical               Analytical                    Error
   3.9062500000000000e-03   1.9993977281054478e+00   1.9993977281055968e+00   1.4899192990469601e-13
   1.1718750000000000e-02   1.9969900914475462e+00   1.9969900914477097e+00   1.6342482922482304e-13
   1.9531250000000000e-02   1.9921806183333151e+00   1.9921806183335065e+00   1.9140244944537699e-13
   2.7343750000000000e-02   1.9849808952047570e+00   1.9849808952049797e+00   2.2271073873980640e-13
   3.5156250000000000e-02   1.9754082668255182e+00   1.9754082668257669e+00   2.4868995751603507e-13
   4.2968750000000000e-02   1.9634857944958455e+00   1.9634857944960973e+00   2.5179858198498550e-13
   5.0781250000000000e-02   1.9492422004958798e+00   1.9492422004960979e+00   2.1804780203638074e-13
   5.8593750000000000e-02   1.9327117988911755e+00   1.9327117988913063e+00   1.3078427230084344e-13
   6.6406250000000000e-02   1.9139344128671099e+00   1.9139344128670808e+00   2.9087843245179101e-14
   7.4218750000000000e-02   1.8929552787913344e+00   1.8929552787910582e+00   2.7622348852673895e-13
   8.2031250000000000e-02   1.8698249372354057e+00   1.8698249372347830e+00   6.2261307220978779e-13
   8.9843750000000000e-02   1.8445991112181204e+00   1.8445991112170430e+00   1.0773604230962519e-12
   9.7656250000000000e-02   1.8173385719638737e+00   1.8173385719622361e+00   1.6375789613221059e-12
   1.0546875000000000e-01   1.7881089924994626e+00   1.7881089924971687e+00   2.2939428134804984e-12
   1.1328125000000000e-01   1.7569807894420049e+00   1.7569807894389804e+00   3.0244695636838514e-12
   1.2109375000000000e-01   1.7240289533591382e+00   1.7240289533553472e+00   3.7909675398850595e-12
   1.2890625000000000e-01   1.6893328681101618e+00   1.6893328681056348e+00   4.5270454052115383e-12
   1.3671875000000000e-01   1.6529761196034025e+00   1.6529761195982275e+00   5.1749715623827797e-12
   1.4453125000000000e-01   1.6150462944303539e+00   1.6150462944247550e+00   5.5988547131846644e-12
   1.5234375000000000e-01   1.5756347688619883e+00   1.5756347688563204e+00   5.6679105853163492e-12
   1.6015625000000000e-01   1.5348364887152741e+00   1.5348364887100598e+00   5.2142734574545102e-12
   1.6796875000000000e-01   1.4927497406203769e+00   1.4927497406163535e+00   4.0234482412415673e-12
   1.7578125000000000e-01   1.4494759152395602e+00   1.4494759152377221e+00   1.8380852395694092e-12
   1.8359375000000000e-01   1.4051192630082039e+00   1.4051192630098426e+00   1.6386891843467311e-12
   1.9140625000000000e-01   1.3597866429863774e+00   1.3597866429931160e+00   6.7386096702648501e-12
   1.9921875000000000e-01   1.3135872654259968e+00   1.3135872654398308e+00   1.3834045020644226e-11
   2.0703125000000000e-01   1.2666324286737729e+00   1.2666324286971007e+00   2.3327784148818864e-11
   2.1484375000000000e-01   1.2190352510437750e+00   1.2190352510793967e+00   3.5621727789703073e-11
   2.2265625000000000e-01   1.1709103983055282e+00   1.1709103983566205e+00   5.1092241548644779e-11
   2.3046875000000000e-01   1.1223738074441838e+00   1.1223738075142202e+00   7.0036421107033675e-11
   2.3828125000000000e-01   1.0735424073582183e+00   1.0735424074508384e+00   9.2620133784748759e-11
   2.4609375000000000e-01   1.0245338371675969e+00   1.0245338372863535e+00   1.1875656014126434e-10
   2.5390625000000000e-01   9.7546616280348319e-01   9.7546616295893573e-01   1.5545253972959472e-10
   2.6171875000000000e-01   9.2645759261905947e-01   9.2645759279385986e-01   1.7480039637973732e-10
   2.6953125000000000e-01   8.7762619252225527e-01   8.7762619272929776e-01   2.0704249426017896e-10
   2.7734375000000000e-01   8.2908960164746537e-01   8.2908960188513037e-01   2.3766499879229741e-10
   2.8515625000000000e-01   7.8096474890577405e-01   7.8096474916000469e-01   2.5423063654272937e-10
   2.9296875000000000e-01   7.3336757128857799e-01   7.3336757153937449e-01   2.5079649468295884e-10
   3.0078125000000000e-01   6.8641273457495022e-01   6.8641273479314835e-01   2.1819812623391499e-10
   3.0859375000000000e-01   6.4021335709895244e-01   6.4021335723580597e-01   1.3685352850956178e-10
   3.1640625000000000e-01   5.9488073723739776e-01   5.9488073721447088e-01   2.2926882614626720e-11
   3.2421875000000000e-01   5.5052408528006591e-01   5.5052408498144190e-01   2.9862401440539088e-10
   3.3203125000000000e-01   5.0725026033531884e-01   5.0725025959713377e-01   7.3818506862721733e-10
   3.3984375000000000e-01   4.6516351290509034e-01   4.6516351149723589e-01   1.4078544441353813e-09
   3.4765625000000000e-01   4.2436523374101087e-01   4.2436523134428461e-01   2.3967262618995733e-09
   3.5546875000000000e-01   3.8495370957597691e-01   3.8495370576867605e-01   3.8073008634675887e-09
   3.6328125000000000e-01   3.4702388631643805e-01   3.4702388058756362e-01   5.7288744303995998e-09
   3.7109375000000000e-01   3.1066714027252451e-01   3.1066713207206853e-01   8.2004559809334410e-09
   3.7890625000000000e-01   2.7597064145890382e-01   2.7597104681384055e-01   4.0535493672777534e-07
   3.8671875000000000e-01   2.4301945127599153e-01   2.4301921072128396e-01   2.4055470757011754e-07
   3.9453125000000000e-01   2.1189116191348784e-01   2.1189100765378655e-01   1.5425970129046007e-07
   4.0234375000000000e-01   1.8266134839671605e-01   1.8266142817904596e-01   7.9782329909239280e-08
   4.1015625000000000e-01   1.5540082091252871e-01   1.5540088891422554e-01   6.8001696829078639e-08
   4.1796875000000000e-01   1.3017508782109621e-01   1.3017506288615588e-01   2.4934940334730982e-08
   4.2578125000000000e-01   1.0704466506331275e-01   1.0704472131925979e-01   5.6255947039618448e-08
   4.3359375000000000e-01   8.6065291558837811e-02   8.6065587232350471e-02   2.9567351265968878e-07
   4.4140625000000000e-01   6.7287688633323878e-02   6.7288201196998743e-02   5.1256367486485210e-07
   4.4921875000000000e-01   5.0757222192902060e-02   5.0757799580868013e-02   5.7738796595263597e-07
   4.5703125000000000e-01   3.6514108551357678e-02   3.6514205569344149e-02   9.7017986470937512e-08
   4.6484375000000000e-01   2.4594267831889303e-02   2.4591733227992463e-02   2.5346038968407369e-06
   4.7265625000000000e-01   1.5027847079184552e-02   1.5019104836968111e-02   8.7422422164404323e-06
   4.8046875000000000e-01   7.8195017423660917e-03   7.8193816965285157e-03   1.2004583757607712e-07
   4.8828125000000000e-01   3.0100119744704513e-03   3.0099085703404471e-03   1.0340413000419629e-07
   4.9609375000000000e-01   6.0220083201976927e-04   6.0227190042450029e-04   7.1068404731023521e-08
   5.0390625000000000e-01   6.0220082600034310e-04   6.0227189440309470e-04   7.1068402751595615e-08
   5.1171875000000000e-01   3.0100119564194635e-03   3.0099085522904412e-03   1.0340412902234281e-07
   5.1953125000000000e-01   7.8195017121407244e-03   7.8193816664935412e-03   1.2004564718323674e-07
   5.2734375000000000e-01   1.5027847037265805e-02   1.5019104795020333e-02   8.7422422454727644e-06
   5.3515625000000000e-01   2.4594267778153996e-02   2.4591733174233132e-02   2.5346039208631876e-06
   5.4296875000000000e-01   3.6514108485922590e-02   3.6514205503902830e-02   9.7017980239810786e-08
   5.5078125000000000e-01   5.0757222115935668e-02   5.0757799503902246e-02   5.7738796657713642e-07
   5.5859375000000000e-01   6.7287688545017363e-02   6.7288201108693713e-02   5.1256367634977540e-07
   5.6640625000000000e-01   8.6065291459405821e-02   8.6065587132919341e-02   2.9567351352011162e-07
   5.7421875000000000e-01   1.0704466495299499e-01   1.0704472120894193e-01   5.6255946942473933e-08
   5.8203125000000000e-01   1.3017508770015757e-01   1.3017506276521695e-01   2.4934940612286738e-08
   5.8984375000000000e-01   1.5540082078125866e-01   1.5540088878295688e-01   6.8001698216857420e-08
   5.9765625000000000e-01   1.8266134825543254e-01   1.8266142803776397e-01   7.9782331435795939e-08
   6.0546875000000000e-01   2.1189116176253561e-01   2.1189100750283152e-01   1.5425970409377321e-07
   6.1328125000000000e-01   2.4301945111573106e-01   2.4301921056101961e-01   2.4055471145589813e-07
   6.2109375000000000e-01   2.7597064128970722e-01   2.7597104664465288e-01   4.0535494566507069e-07
   6.2890625000000000e-01   3.1066714009482133e-01   3.1066713189436534e-01   8.2004559809334410e-09
   6.3671875000000000e-01   3.4702388613064794e-01   3.4702388040177201e-01   5.7288759292006830e-09
   6.4453125000000000e-01   3.8495370938254597e-01   3.8495370557524433e-01   3.8073016406237059e-09
   6.5234375000000000e-01   4.2436523354040551e-01   4.2436523114367952e-01   2.3967259843438171e-09
   6.6015625000000000e-01   4.6516351269779344e-01   4.6516351128993993e-01   1.4078535004458104e-09
   6.6796875000000000e-01   5.0725026012183150e-01   5.0725025938364632e-01   7.3818517964951980e-10
   6.7578125000000000e-01   5.5052408506090111e-01   5.5052408476227743e-01   2.9862368133848349e-10
   6.8359375000000000e-01   5.9488073701308508e-01   5.9488073699015676e-01   2.2928325904558733e-11
   6.9140625000000000e-01   6.4021335687003067e-01   6.4021335700688409e-01   1.3685341748725932e-10
   6.9921875000000000e-01   6.8641273434197025e-01   6.8641273456016894e-01   2.1819868134542730e-10
   7.0703125000000000e-01   7.3336757105210304e-01   7.3336757130289887e-01   2.5079582854914406e-10
   7.1484375000000000e-01   7.8096474866637289e-01   7.8096474892060275e-01   2.5422985938661213e-10
   7.2265625000000000e-01   8.2908960140571486e-01   8.2908960164337886e-01   2.3766399959157525e-10
   7.3046875000000000e-01   8.7762619227873839e-01   8.7762619248577989e-01   2.0704149505945679e-10
   7.3828125000000000e-01   9.2645759237436076e-01   9.2645759254916138e-01   1.7480061842434225e-10
   7.4609375000000000e-01   9.7546616255819429e-01   9.7546616271364606e-01   1.5545176257347748e-10
   8.7890625000000000e-01   1.7240289531899484e+00   1.7240289531861590e+00   3.7894132276505843e-12
   8.8671875000000000e-01   1.7569807892817411e+00   1.7569807892787153e+00   3.0258018313134016e-12
   8.9453125000000000e-01   1.7881089923485092e+00   1.7881089923462128e+00   2.2963853041346738e-12
   9.0234375000000000e-01   1.8173385718225914e+00   1.8173385718209540e+00   1.6373569167171809e-12
   9.1015625000000000e-01   1.8445991110868507e+00   1.8445991110857742e+00   1.0764722446765518e-12
   9.1796875000000000e-01   1.8698249371144680e+00   1.8698249371138438e+00   6.2416738444426301e-13
   9.2578125000000000e-01   1.8929552786810173e+00   1.8929552786807400e+00   2.7733371155136410e-13
   9.3359375000000000e-01   1.9139344127676792e+00   1.9139344127676492e+00   2.9976021664879227e-14
   9.4140625000000000e-01   1.9327117988028713e+00   1.9327117988030014e+00   1.3011813848606835e-13
   9.4921875000000000e-01   1.9492422004189127e+00   1.9492422004191319e+00   2.1915802506100590e-13
   9.5703125000000000e-01   1.9634857944304038e+00   1.9634857944306556e+00   2.5179858198498550e-13
   9.6484375000000000e-01   1.9754082667717587e+00   1.9754082667720074e+00   2.4868995751603507e-13
   9.7265625000000000e-01   1.9849808951628081e+00   1.9849808951630317e+00   2.2359891715950653e-13
   9.8046875000000000e-01   1.9921806183032800e+00   1.9921806183034714e+00   1.9140244944537699e-13
   9.8828125000000000e-01   1.9969900914294956e+00   1.9969900914296597e+00   1.6409096303959814e-13
   9.9609375000000000e-01   1.9993977280994286e+00   1.9993977280995754e+00   1.4677148385544569e-13
   7.5390625000000000e-01   1.0245338369223069e+00   1.0245338370410639e+00   1.1875700423047419e-10
   7.6171875000000000e-01   1.0735424071135196e+00   1.0735424072061395e+00   9.2619911740143834e-11
   7.6953125000000000e-01   1.1223738072006648e+00   1.1223738072707015e+00   7.0036643151638600e-11
   7.7734375000000000e-01   1.1709103980637774e+00   1.1709103981148696e+00   5.1092241548644779e-11
   7.8515625000000000e-01   1.2190352508043738e+00   1.2190352508399951e+00   3.5621283700493223e-11
   7.9296875000000000e-01   1.2666324284372985e+00   1.2666324284606252e+00   2.3326673925794239e-11
   8.0078125000000000e-01   1.3135872651930183e+00   1.3135872652068510e+00   1.3832712753014675e-11
   8.0859375000000000e-01   1.3597866427574554e+00   1.3597866427641931e+00   6.7377214918451500e-12
   8.1640625000000000e-01   1.4051192627838907e+00   1.4051192627855293e+00   1.6386891843467311e-12
   8.2421875000000000e-01   1.4494759150203944e+00   1.4494759150185574e+00   1.8369750165447840e-12
   8.3203125000000000e-01   1.4927497404068899e+00   1.4927497404028658e+00   4.0241143750563424e-12
   8.3984375000000000e-01   1.5348364885079779e+00   1.5348364885027634e+00   5.2144955020594352e-12
   8.4765625000000000e-01   1.5756347686613832e+00   1.5756347686557146e+00   5.6685767191311243e-12
   8.5546875000000000e-01   1.6150462942369226e+00   1.6150462942313237e+00   5.5988547131846644e-12
   8.6328125000000000e-01   1.6529761194176120e+00   1.6529761194124362e+00   5.1758597408024798e-12
   8.7109375000000000e-01   1.6893328679324580e+00   1.6893328679279311e+00   4.5268233606066133e-12
