#                  Coord.                Numerical               Analytical                    Error
   3.9062500000000000e-03   2.4524689315613232e-02   2.4533837041064453e-02   9.1477254512209449e-06
   1.1718750000000000e-02   7.3558940190519062e-02   7.3542407206140220e-02   1.6532984378841986e-05
   1.9531250000000000e-02   1.2236464439715820e-01   1.2237380727070230e-01   9.1628735440912878e-06
   2.7343750000000000e-02   1.7089734348859295e-01   1.7091039811486966e-01   1.3054626276709502e-05
   3.5156250000000000e-02   2.1901863889638143e-01   2.1903525083999545e-01   1.6611943614019964e-05
   4.2968750000000000e-02   2.6661189230683080e-01   2.6663242846062563e-01   2.0536153794825651e-05
   5.0781250000000000e-02   3.1356312234342881e-01   3.1358726520685171e-01   2.4142863422893512e-05
   5.8593750000000000e-02   3.5975852607975212e-01   3.5978664276419398e-01   2.8116684441858997e-05
   6.6406250000000000e-02   4.0508746904824033e-01   4.0511926278552934e-01   3.1793737289009805e-05
   7.4218750000000000e-02   4.4944007954546267e-01   4.4947591501855777e-01   3.5835473095102710e-05
   8.2031250000000000e-02   4.9271013532496050e-01   4.9274974040286612e-01   3.9605077905624508e-05
   8.9843750000000000e-02   5.3479275386473557e-01   5.3483648850276400e-01   4.3734638028425366e-05
   9.7656250000000000e-02   5.7558714793864008e-01   5.7563476865571517e-01   4.7620717075091967e-05
   1.0546875000000000e-01   6.1499443409153676e-01   6.1504629423132384e-01   5.1860139787085480e-05
   1.1328125000000000e-01   6.5292023054588300e-01   6.5297611941243638e-01   5.5888866553388539e-05
   1.2109375000000000e-01   6.8927260499123733e-01   6.8933286792793125e-01   6.0262936693922242e-05
   1.2890625000000000e-01   7.2396448980023165e-01   7.2402895318615945e-01   6.4463385927804318e-05
   1.3671875000000000e-01   7.5691178889686861e-01   7.5698078927871582e-01   6.9000381847206249e-05
   1.4453125000000000e-01   7.8803558701429910e-01   7.8810899234621334e-01   7.3405331914244698e-05
   1.5234375000000000e-01   8.1726043387349445e-01   8.1733857182095404e-01   7.8137947459588908e-05
   1.6015625000000000e-01   8.4451632619707040e-01   8.4459911108577423e-01   8.2784888703835158e-05
   1.6796875000000000e-01   8.6973718572104119e-01   8.6982493711384401e-01   8.7751392802815076e-05
   1.7578125000000000e-01   8.9286259486506114e-01   8.9295527868074021e-01   9.2683815679062143e-05
   1.8359375000000000e-01   9.1383648323128819e-01   9.1393441276764942e-01   9.7929536361229808e-05
   1.9140625000000000e-01   9.3260860020043501e-01   9.3271179880300126e-01   1.0319860256624569e-04
   1.9921875000000000e-01   9.4913342256091437e-01   9.4924220041913188e-01   1.0877785821750141e-04
   2.0703125000000000e-01   9.6337134982865058e-01   9.6348579443065574e-01   1.1444460200515927e-04
   2.1484375000000000e-01   9.7528784351534659e-01   9.7540826677200754e-01   1.2042325666095088e-04
   2.2265625000000000e-01   9.8485433363285990e-01   9.8498089516303178e-01   1.2656153017187588e-04
   2.3046875000000000e-01   9.9204759787111385e-01   9.9218061830347148e-01   1.3302043235763339e-04
   2.3828125000000000e-01   9.9685037051780756e-01   9.9699009142965955e-01   1.3972091185199265e-04
   2.4609375000000000e-01   9.9925096749387765e-01   9.9939772809957550e-01   1.4676060569784877e-04
   2.5390625000000000e-01   9.9924359176710809e-01   9.9939772810559691e-01   1.5413633848881947e-04
   2.6171875000000000e-01   9.9682820780516090e-01   9.9699009144770967e-01   1.6188364254876575e-04
   2.6953125000000000e-01   9.9201054045515324e-01   9.9218061833350646e-01   1.7007787835321420e-04
   2.7734375000000000e-01   9.8480219993801832e-01   9.8498089520497967e-01   1.7869526696134841e-04
   2.8515625000000000e-01   9.7522037406877371e-01   9.7540826682576698e-01   1.8789275699326868e-04
   2.9296875000000000e-01   9.6328820244318403e-01   9.6348579449609717e-01   1.9759205291314252e-04
   3.0078125000000000e-01   9.4903416474058511e-01   9.4924220049609775e-01   2.0803575551264775e-04
   3.0859375000000000e-01   9.3249270024529229e-01   9.3271179889130629e-01   2.1909864601399320e-04
   3.1640625000000000e-01   9.1370329774422399e-01   9.1393441286708077e-01   2.3111512285678426e-04
   3.2421875000000000e-01   8.9271135395765400e-01   8.9295527879105796e-01   2.4392483340396343e-04
   3.3203125000000000e-01   8.6956697311958064e-01   8.6982493723478305e-01   2.5796411520240259e-04
   3.3984375000000000e-01   8.4432605518555615e-01   8.4459911121704301e-01   2.7305603148686242e-04
   3.4765625000000000e-01   8.1704881538012664e-01   8.1733857196223603e-01   2.8975658210939059e-04
   3.5546875000000000e-01   7.8780108998654896e-01   7.8810899249716848e-01   3.0790251061951768e-04
   3.6328125000000000e-01   7.5665258755735532e-01   7.5698078943898039e-01   3.2820188162507868e-04
   3.7109375000000000e-01   7.2367839609224682e-01   7.2402895335534712e-01   3.5055726310029289e-04
   3.7890625000000000e-01   6.8895697722003835e-01   6.8933286810563466e-01   3.7589088559630834e-04
   3.8671875000000000e-01   6.5257185200851064e-01   6.5297611959822732e-01   4.0426758971667809e-04
   3.9453125000000000e-01   6.1460934436318992e-01   6.1504629442475489e-01   4.3695006156496685e-04
   4.0234375000000000e-01   5.7516040856444317e-01   5.7563476885632037e-01   4.7436029187719608e-04
   4.1015625000000000e-01   5.3431810908609778e-01   5.3483648871005962e-01   5.1837962396183990e-04
   4.1796875000000000e-01   4.9217951356539780e-01   4.9274974061635324e-01   5.7022705095544080e-04
   4.2578125000000000e-01   4.4884282787786528e-01   4.4947591523772207e-01   6.3308735985678766e-04
   4.3359375000000000e-01   4.0440913951018304e-01   4.0511926300984241e-01   7.1012349965937638e-04
   4.4140625000000000e-01   3.5897884326673341e-01   3.5978664299311586e-01   8.0779972638245212e-04
   4.4921875000000000e-01   3.1265238356503322e-01   3.1358726543983051e-01   9.3488187479728868e-04
   4.5703125000000000e-01   2.6552405684581354e-01   2.6663242869710058e-01   1.1083718512870377e-03
   4.6484375000000000e-01   2.1767665239113046e-01   2.1903525107939675e-01   1.3585986882662937e-03
   4.7265625000000000e-01   1.6915706348380521e-01   1.7091039835662014e-01   1.7533348728149267e-03
   4.8046875000000000e-01   1.1990409656575350e-01   1.2237380751422003e-01   2.4697109484665275e-03
   4.8828125000000000e-01   4.9041400716709545e-02   7.3542407450838523e-02   2.4501006734128979e-02
   4.9609375000000000e-01   4.9067674327414740e-02   2.4533837286353416e-02   2.4533837041061324e-02
   5.0390625000000000e-01  -4.9067674204843988e-02  -2.4533837041064432e-02   2.4533837163779555e-02
   5.1171875000000000e-01  -4.9041400349413088e-02  -7.3542407206140470e-02   2.4501006856727382e-02
   5.1953125000000000e-01  -1.1990409631718203e-01  -1.2237380727070238e-01   2.4697109535203460e-03
   5.2734375000000000e-01  -1.6915706323951152e-01  -1.7091039811486958e-01   1.7533348753580591e-03
   5.3515625000000000e-01  -2.1767665215019774e-01  -2.1903525083999567e-01   1.3585986897979296e-03
   5.4296875000000000e-01  -2.6552405660831435e-01  -2.6663242846062568e-01   1.1083718523113295e-03
   5.5078125000000000e-01  -3.1265238333132039e-01  -3.1358726520685148e-01   9.3488187553109059e-04
   5.5859375000000000e-01  -3.5897884303725935e-01  -3.5978664276419409e-01   8.0779972693473256e-04
   5.6640625000000000e-01  -4.0440913928543881e-01  -4.0511926278552929e-01   7.1012350009047598e-04
   5.7421875000000000e-01  -4.4884282765835487e-01  -4.4947591501855805e-01   6.3308736020317724e-04
   5.8203125000000000e-01  -4.9217951335162630e-01  -4.9274974040286618e-01   5.7022705123987993e-04
   5.8984375000000000e-01  -5.3431810887856379e-01  -5.3483648850276400e-01   5.1837962420020478e-04
   5.9765625000000000e-01  -5.7516040836363547e-01  -5.7563476865571539e-01   4.7436029207992281e-04
   6.0546875000000000e-01  -6.1460934416958424e-01  -6.1504629423132395e-01   4.3695006173971596e-04
   6.1328125000000000e-01  -6.5257185182256749e-01  -6.5297611941243627e-01   4.0426758986877864e-04
   6.2109375000000000e-01  -6.8895697704220116e-01  -6.8933286792793136e-01   3.7589088573020124e-04
   6.2890625000000000e-01  -7.2367839592294014e-01  -7.2402895318615945e-01   3.5055726321930880e-04
   6.3671875000000000e-01  -7.5665258739698438e-01  -7.5698078927871548e-01   3.2820188173110498e-04
   6.4453125000000000e-01  -7.8780108983549813e-01  -7.8810899234621290e-01   3.0790251071477481e-04
   6.5234375000000000e-01  -8.1704881523875761e-01  -8.1733857182095404e-01   2.8975658219643208e-04
   6.6015625000000000e-01  -8.4432605505420844e-01  -8.4459911108577423e-01   2.7305603156579927e-04
   6.6796875000000000e-01  -8.6956697299856900e-01  -8.6982493711384390e-01   2.5796411527490015e-04
   6.7578125000000000e-01  -8.9271135384726885e-01  -8.9295527868073998e-01   2.4392483347113192e-04
   6.8359375000000000e-01  -9.1370329764473046e-01  -9.1393441276764908e-01   2.3111512291862368e-04
   6.9140625000000000e-01  -9.3249270015692975e-01  -9.3271179880300126e-01   2.1909864607150276e-04
   6.9921875000000000e-01  -9.4903416466356538e-01  -9.4924220041913177e-01   2.0803575556638254e-04
   7.0703125000000000e-01  -9.6328820237769230e-01  -9.6348579443065563e-01   1.9759205296332460e-04
   7.1484375000000000e-01  -9.7522037401496697e-01  -9.7540826677200743e-01   1.8789275704045316e-04
   7.2265625000000000e-01  -9.8480219989602580e-01  -9.8498089516303167e-01   1.7869526700586835e-04
   7.3046875000000000e-01  -9.9201054042507586e-01  -9.9218061830347148e-01   1.7007787839562472e-04
   7.3828125000000000e-01  -9.9682820778707104e-01  -9.9699009142965955e-01   1.6188364258851173e-04
   7.4609375000000000e-01  -9.9924359176104893e-01  -9.9939772809957550e-01   1.5413633852656705e-04
   8.7890625000000000e-01  -6.8927260516892008e-01  -6.8933286810563510e-01   6.0262936715016480e-05
   8.8671875000000000e-01  -6.5292023073165328e-01  -6.5297611959822810e-01   5.5888866574815843e-05
   8.9453125000000000e-01  -6.1499443428494716e-01  -6.1504629442475567e-01   5.1860139808512784e-05
   9.0234375000000000e-01  -5.7558714813922462e-01  -5.7563476885632048e-01   4.7620717095853138e-05
   9.1015625000000000e-01  -5.3479275407201132e-01  -5.3483648871006018e-01   4.3734638048853469e-05
   9.1796875000000000e-01  -4.9271013553842841e-01  -4.9274974061635374e-01   3.9605077925330967e-05
   9.2578125000000000e-01  -4.4944007976460804e-01  -4.4947591523772257e-01   3.5835473114531613e-05
   9.3359375000000000e-01  -4.0508746927253481e-01  -4.0511926300984336e-01   3.1793737308549730e-05
   9.4140625000000000e-01  -3.5975852630865490e-01  -3.5978664299311597e-01   2.8116684461065855e-05
   9.4921875000000000e-01  -3.1356312257638880e-01  -3.1358726543983106e-01   2.4142863442266904e-05
   9.5703125000000000e-01  -2.6661189254328715e-01  -2.6663242869710113e-01   2.0536153813976998e-05
   9.6484375000000000e-01  -2.1901863913576436e-01  -2.1903525107939731e-01   1.6611943632949266e-05
   9.7265625000000000e-01  -1.7089734373032570e-01  -1.7091039835662114e-01   1.3054626295444516e-05
   9.8046875000000000e-01  -1.2236464464065801e-01  -1.2237380751422015e-01   9.1628735621462898e-06
   9.8828125000000000e-01  -7.3558940435272821e-02  -7.3542407450838648e-02   1.6532984434172726e-05
   9.9609375000000000e-01  -2.4524689560809953e-02  -2.4533837286353982e-02   9.1477255440286509e-06
   7.5390625000000000e-01  -9.9925096749986331e-01  -9.9939772810559691e-01   1.4676060573359795e-04
   7.6171875000000000e-01  -9.9685037053582326e-01  -9.9699009144770967e-01   1.3972091188640956e-04
   7.6953125000000000e-01  -9.9204759790111630e-01  -9.9218061833350657e-01   1.3302043239027395e-04
   7.7734375000000000e-01  -9.8485433367477604e-01  -9.8498089520497967e-01   1.2656153020362826e-04
   7.8515625000000000e-01  -9.7528784356907583e-01  -9.7540826682576698e-01   1.2042325669114895e-04
   7.9296875000000000e-01  -9.6337134989406292e-01  -9.6348579449609728e-01   1.1444460203435813e-04
   8.0078125000000000e-01  -9.4913342263785239e-01  -9.4924220049609798e-01   1.0877785824559005e-04
   8.0859375000000000e-01  -9.3260860028871295e-01  -9.3271179889130662e-01   1.0319860259366820e-04
   8.1640625000000000e-01  -9.1383648333069256e-01  -9.1393441286708066e-01   9.7929536388097205e-05
   8.2421875000000000e-01  -8.9286259497535314e-01  -8.9295527879105829e-01   9.2683815705152384e-05
   8.3203125000000000e-01  -8.6973718584195547e-01  -8.6982493723478327e-01   8.7751392827795094e-05
   8.3984375000000000e-01  -8.4451632632831497e-01  -8.4459911121704334e-01   8.2784888728371087e-05
   8.4765625000000000e-01  -8.1726043401475312e-01  -8.1733857196223658e-01   7.8137947483458703e-05
   8.5546875000000000e-01  -7.8803558716523170e-01  -7.8810899249716859e-01   7.3405331936893248e-05
   8.6328125000000000e-01  -7.5691178905711087e-01  -7.5698078943898051e-01   6.9000381869632754e-05
   8.7109375000000000e-01  -7.2396448996939766e-01  -7.2402895335534745e-01   6.4463385949786733e-05
