#                  Coord.                Numerical               Analytical                    Error
   3.9062500000000000e-03   1.9980429498972980e+00   1.9993977281055968e+00   1.3547782082987680e-03
   1.1718750000000000e-02   1.9968390451757425e+00   1.9969900914477097e+00   1.5104627196715903e-04
   1.9531250000000000e-02   1.9914277849063931e+00   1.9921806183335065e+00   7.5283342711340850e-04
   2.7343750000000000e-02   1.9842280892548385e+00   1.9849808952049797e+00   7.5280595014115548e-04
   3.5156250000000000e-02   1.9746554280678938e+00   1.9754082668257669e+00   7.5283875787302001e-04
   4.2968750000000000e-02   1.9627330012410635e+00   1.9634857944960973e+00   7.5279325503374572e-04
   5.0781250000000000e-02   1.9484893584278193e+00   1.9492422004960979e+00   7.5284206827852529e-04
   5.8593750000000000e-02   1.9319590199165888e+00   1.9327117988913063e+00   7.5277897471748290e-04
   6.6406250000000000e-02   1.9131815695474477e+00   1.9139344128670808e+00   7.5284331963310080e-04
   7.4218750000000000e-02   1.8922025155525313e+00   1.8929552787910582e+00   7.5276323852691007e-04
   8.2031250000000000e-02   1.8690720947445412e+00   1.8698249372347830e+00   7.5284249024187844e-04
   8.9843750000000000e-02   1.8438463650302155e+00   1.8445991112170430e+00   7.5274618682752426e-04
   9.7656250000000000e-02   1.8165857323869696e+00   1.8173385719622361e+00   7.5283957526650624e-04
   1.0546875000000000e-01   1.7873562645279237e+00   1.7881089924971687e+00   7.5272796924497065e-04
   1.1328125000000000e-01   1.7562279548526991e+00   1.7569807894389804e+00   7.5283458628128130e-04
   1.2109375000000000e-01   1.7232762446126939e+00   1.7240289533553472e+00   7.5270874265331855e-04
   1.2890625000000000e-01   1.6885800405551379e+00   1.6893328681056348e+00   7.5282755049688177e-04
   1.3671875000000000e-01   1.6522234309293335e+00   1.6529761195982275e+00   7.5268866889399710e-04
   1.4453125000000000e-01   1.6142934759151475e+00   1.6150462944247550e+00   7.5281850960751129e-04
   1.5234375000000000e-01   1.5748821009441372e+00   1.5756347688563204e+00   7.5266791218320250e-04
   1.6015625000000000e-01   1.5340836811918663e+00   1.5348364887100598e+00   7.5280751819351011e-04
   1.6796875000000000e-01   1.4919970939802074e+00   1.4927497406163535e+00   7.5264663614604821e-04
   1.7578125000000000e-01   1.4487231205961415e+00   1.4494759152377221e+00   7.5279464158062304e-04
   1.8359375000000000e-01   1.4043666380094846e+00   1.4051192630098426e+00   7.5262500035799818e-04
   1.9140625000000000e-01   1.3590338630400924e+00   1.3597866429931160e+00   7.5277995302358569e-04
   1.9921875000000000e-01   1.3128346622835787e+00   1.3135872654398308e+00   7.5260315625214069e-04
   2.0703125000000000e-01   1.2658796651671118e+00   1.2666324286971007e+00   7.5276352998887575e-04
   2.1484375000000000e-01   1.2182826698372911e+00   1.2190352510793967e+00   7.5258124210564326e-04
   2.2265625000000000e-01   1.1701576529074085e+00   1.1709103983566205e+00   7.5274544921200004e-04
   2.3046875000000000e-01   1.1216212481374914e+00   1.1223738075142202e+00   7.5255937672880080e-04
   2.3828125000000000e-01   1.0727896816708280e+00   1.0735424074508384e+00   7.5272578001039925e-04
   2.4609375000000000e-01   1.0237812996351676e+00   1.0245338372863535e+00   7.5253765118588056e-04
   2.5390625000000000e-01   9.7471345838391144e-01   9.7546616295893573e-01   7.5270457502429888e-04
   2.6171875000000000e-01   9.2570507667634760e-01   9.2645759279385986e-01   7.5251611751225855e-04
   2.6953125000000000e-01   8.7687351087227083e-01   8.7762619272929776e-01   7.5268185702692669e-04
   2.7734375000000000e-01   8.2833710711246467e-01   8.2908960188513037e-01   7.5249477266570164e-04
   2.8515625000000000e-01   7.8021209156048044e-01   7.8096474916000469e-01   7.5265759952425348e-04
   2.9296875000000000e-01   7.3261509800465263e-01   7.3336757153937449e-01   7.5247353472185363e-04
   3.0078125000000000e-01   6.8566010309597403e-01   6.8641273479314835e-01   7.5263169717432188e-04
   3.0859375000000000e-01   6.3946090502979003e-01   6.4021335723580597e-01   7.5245220601594109e-04
   3.1640625000000000e-01   5.9412813329558267e-01   5.9488073721447088e-01   7.5260391888820610e-04
   3.2421875000000000e-01   5.4977165456793209e-01   5.5052408498144190e-01   7.5243041350980810e-04
   3.3203125000000000e-01   5.0649768576689813e-01   5.0725025959713377e-01   7.5257383023563662e-04
   3.3984375000000000e-01   4.6441110398950536e-01   4.6516351149723589e-01   7.5240750773053477e-04
   3.4765625000000000e-01   4.2361269068547286e-01   4.2436523134428461e-01   7.5254065881175114e-04
   3.5546875000000000e-01   3.8420132338612717e-01   3.8495370576867605e-01   7.5238238254887735e-04
   3.6328125000000000e-01   3.4627137753986659e-01   3.4702388058756362e-01   7.5250304769702847e-04
   3.7109375000000000e-01   3.0991477893743824e-01   3.1066713207206853e-01   7.5235313463029030e-04
   3.7890625000000000e-01   2.7521858823916812e-01   2.7597104681384055e-01   7.5245857467243216e-04
   3.8671875000000000e-01   2.4226689434698315e-01   2.4301921072128396e-01   7.5231637430081544e-04
   3.9453125000000000e-01   2.1113860491296430e-01   2.1189100765378655e-01   7.5240274082225000e-04
   4.0234375000000000e-01   1.8190916246999062e-01   1.8266142817904596e-01   7.5226570905534418e-04
   4.1015625000000000e-01   1.5464856228192791e-01   1.5540088891422554e-01   7.5232663229762853e-04
   4.1796875000000000e-01   1.2942287485514442e-01   1.3017506288615588e-01   7.5218803101145815e-04
   4.2578125000000000e-01   1.0629251050822963e-01   1.0704472131925979e-01   7.5221081103016285e-04
   4.3359375000000000e-01   8.5313534187889381e-02   8.6065587232350471e-02   7.5205304446109011e-04
   4.4140625000000000e-01   6.6536194747186542e-02   6.7288201196998743e-02   7.5200644981220088e-04
   4.4921875000000000e-01   5.0006022406536364e-02   5.0757799580868013e-02   7.5177717433164842e-04
   4.5703125000000000e-01   3.5762644742229219e-02   3.6514205569344149e-02   7.5156082711493044e-04
   4.6484375000000000e-01   2.3840679550310759e-02   2.4591733227992463e-02   7.5105367768170395e-04
   4.7265625000000000e-01   1.4268932343100017e-02   1.5019104836968111e-02   7.5017249386809433e-04
   4.8046875000000000e-01   7.0714682602711311e-03   7.8193816965285157e-03   7.4791343625738461e-04
   4.8828125000000000e-01   1.6055228748633821e-03   3.0099085703404471e-03   1.4043856954770650e-03
   4.9609375000000000e-01   1.7456693024317247e-08   6.0227190042450029e-04   6.0225444373147603e-04
   5.0390625000000000e-01   1.7444650121207188e-08   6.0227189440309470e-04   6.0225444975297345e-04
   5.1171875000000000e-01   1.6055228561441951e-03   3.0099085522904412e-03   1.4043856961462461e-03
   5.1953125000000000e-01   7.0714682302539401e-03   7.8193816664935412e-03   7.4791343623960109e-04
   5.2734375000000000e-01   1.4268932301158601e-02   1.5019104795020333e-02   7.5017249386173136e-04
   5.3515625000000000e-01   2.3840679496554586e-02   2.4591733174233132e-02   7.5105367767854675e-04
   5.4296875000000000e-01   3.5762644676789683e-02   3.6514205503902830e-02   7.5156082711314715e-04
   5.5078125000000000e-01   5.0006022329571451e-02   5.0757799503902246e-02   7.5177717433079494e-04
   5.5859375000000000e-01   6.6536194658882386e-02   6.7288201108693713e-02   7.5200644981132658e-04
   5.6640625000000000e-01   8.5313534088459056e-02   8.6065587132919341e-02   7.5205304446028520e-04
   5.7421875000000000e-01   1.0629251039791228e-01   1.0704472120894193e-01   7.5221081102964937e-04
   5.8203125000000000e-01   1.2942287473420527e-01   1.3017506276521695e-01   7.5218803101168019e-04
   5.8984375000000000e-01   1.5464856215065906e-01   1.5540088878295688e-01   7.5232663229782282e-04
   5.9765625000000000e-01   1.8190916232870891e-01   1.8266142803776397e-01   7.5226570905506662e-04
   6.0546875000000000e-01   2.1113860476200952e-01   2.1189100750283152e-01   7.5240274082200020e-04
   6.1328125000000000e-01   2.4226689418671829e-01   2.4301921056101961e-01   7.5231637430131504e-04
   6.2109375000000000e-01   2.7521858806997990e-01   2.7597104664465288e-01   7.5245857467298727e-04
   6.2890625000000000e-01   3.0991477875973450e-01   3.1066713189436534e-01   7.5235313463084541e-04
   6.3671875000000000e-01   3.4627137735407565e-01   3.4702388040177201e-01   7.5250304769636234e-04
   6.4453125000000000e-01   3.8420132319269651e-01   3.8495370557524433e-01   7.5238238254782264e-04
   6.5234375000000000e-01   4.2361269048486822e-01   4.2436523114367952e-01   7.5254065881130705e-04
   6.6015625000000000e-01   4.6441110378220973e-01   4.6516351128993993e-01   7.5240750773020171e-04
   6.6796875000000000e-01   5.0649768555341090e-01   5.0725025938364632e-01   7.5257383023541458e-04
   6.7578125000000000e-01   5.4977165434876740e-01   5.5052408476227743e-01   7.5243041351003015e-04
   6.8359375000000000e-01   5.9412813307126899e-01   5.9488073699015676e-01   7.5260391888776201e-04
   6.9140625000000000e-01   6.3946090480086815e-01   6.4021335700688409e-01   7.5245220601594109e-04
   6.9921875000000000e-01   6.8566010286299528e-01   6.8641273456016894e-01   7.5263169717365574e-04
   7.0703125000000000e-01   7.3261509776817746e-01   7.3336757130289887e-01   7.5247353472140954e-04
   7.1484375000000000e-01   7.8021209132107894e-01   7.8096474892060275e-01   7.5265759952380940e-04
   7.2265625000000000e-01   8.2833710687071371e-01   8.2908960164337886e-01   7.5249477266514653e-04
   7.3046875000000000e-01   8.7687351062875307e-01   8.7762619248577989e-01   7.5268185702681567e-04
   7.3828125000000000e-01   9.2570507643164934e-01   9.2645759254916138e-01   7.5251611751203651e-04
   7.4609375000000000e-01   9.7471345813862242e-01   9.7546616271364606e-01   7.5270457502363275e-04
   8.7890625000000000e-01   1.7232762444435059e+00   1.7240289531861590e+00   7.5270874265309651e-04
   8.8671875000000000e-01   1.7562279546924346e+00   1.7569807892787153e+00   7.5283458628061517e-04
   8.9453125000000000e-01   1.7873562643769687e+00   1.7881089923462128e+00   7.5272796924408247e-04
   9.0234375000000000e-01   1.8165857322456875e+00   1.8173385718209540e+00   7.5283957526650624e-04
   9.1015625000000000e-01   1.8438463648989465e+00   1.8445991110857742e+00   7.5274618682774630e-04
   9.1796875000000000e-01   1.8690720946236017e+00   1.8698249371138438e+00   7.5284249024210048e-04
   9.2578125000000000e-01   1.8922025154422131e+00   1.8929552786807400e+00   7.5276323852691007e-04
   9.3359375000000000e-01   1.9131815694480163e+00   1.9139344127676492e+00   7.5284331963287876e-04
   9.4140625000000000e-01   1.9319590198282841e+00   1.9327117988030014e+00   7.5277897471726085e-04
   9.4921875000000000e-01   1.9484893583508536e+00   1.9492422004191319e+00   7.5284206827830324e-04
   9.5703125000000000e-01   1.9627330011756223e+00   1.9634857944306556e+00   7.5279325503330163e-04
   9.6484375000000000e-01   1.9746554280141346e+00   1.9754082667720074e+00   7.5283875787279797e-04
   9.7265625000000000e-01   1.9842280892128907e+00   1.9849808951630317e+00   7.5280595014093343e-04
   9.8046875000000000e-01   1.9914277848763575e+00   1.9921806183034714e+00   7.5283342711385259e-04
   9.8828125000000000e-01   1.9968390451576907e+00   1.9969900914296597e+00   1.5104627196893539e-04
   9.9609375000000000e-01   1.9980429498912782e+00   1.9993977280995754e+00   1.3547782082972137e-03
   7.5390625000000000e-01   1.0237812993898783e+00   1.0245338370410639e+00   7.5253765118565852e-04
   7.6171875000000000e-01   1.0727896814261295e+00   1.0735424072061395e+00   7.5272578000995516e-04
   7.6953125000000000e-01   1.1216212478939733e+00   1.1223738072707015e+00   7.5255937672813467e-04
   7.7734375000000000e-01   1.1701576526656576e+00   1.1709103981148696e+00   7.5274544921200004e-04
   7.8515625000000000e-01   1.2182826695978897e+00   1.2190352508399951e+00   7.5258124210542121e-04
   7.9296875000000000e-01   1.2658796649306365e+00   1.2666324284606252e+00   7.5276352998865370e-04
   8.0078125000000000e-01   1.3128346620505993e+00   1.3135872652068510e+00   7.5260315625169660e-04
   8.0859375000000000e-01   1.3590338628111700e+00   1.3597866427641931e+00   7.5277995302314160e-04
   8.1640625000000000e-01   1.4043666377851711e+00   1.4051192627855293e+00   7.5262500035822022e-04
   8.2421875000000000e-01   1.4487231203769773e+00   1.4494759150185574e+00   7.5279464158017895e-04
   8.3203125000000000e-01   1.4919970937667204e+00   1.4927497404028658e+00   7.5264663614538208e-04
   8.3984375000000000e-01   1.5340836809845704e+00   1.5348364885027634e+00   7.5280751819306602e-04
   8.4765625000000000e-01   1.5748821007435316e+00   1.5756347686557146e+00   7.5266791218298046e-04
   8.5546875000000000e-01   1.6142934757217162e+00   1.6150462942313237e+00   7.5281850960751129e-04
   8.6328125000000000e-01   1.6522234307435426e+00   1.6529761194124362e+00   7.5268866889355301e-04
   8.7109375000000000e-01   1.6885800403774347e+00   1.6893328679279311e+00   7.5282755049643768e-04
