#                  Coord.                Numerical               Analytical                    Error
   3.9062500000000000e-03   3.9927770900203239e+00   3.9981931843137795e+00   5.4160942934555756e-03
   1.1718750000000000e-02   3.9927770900203239e+00   3.9933779109980057e+00   6.0082097768177078e-04
   1.9531250000000000e-02   3.9807577286956257e+00   3.9837589647695992e+00   3.0012360739735122e-03
   2.7343750000000000e-02   3.9663670121993655e+00   3.9693595185125456e+00   2.9925063131801544e-03
   3.5156250000000000e-02   3.9472332237820207e+00   3.9502142617541200e+00   2.9810379720993652e-03
   4.2968750000000000e-02   3.9234027352801824e+00   3.9263693170947809e+00   2.9665818145985234e-03
   5.0781250000000000e-02   3.8949326116002148e+00   3.8978821290947820e+00   2.9495174945672886e-03
   5.8593750000000000e-02   3.8618918517241418e+00   3.8648213258851989e+00   2.9294741610570441e-03
   6.6406250000000000e-02   3.8243595756359445e+00   3.8272665538367483e+00   2.9069782008037670e-03
   7.4218750000000000e-02   3.7824267449651590e+00   3.7853082856847027e+00   2.8815407195437182e-03
   8.2031250000000000e-02   3.7361937728046879e+00   3.7390476025721524e+00   2.8538297674645108e-03
   8.9843750000000000e-02   3.6857727074213660e+00   3.6885959505366723e+00   2.8232431153063509e-03
   9.7656250000000000e-02   3.6312842879840401e+00   3.6340748720270586e+00   2.7905840430184625e-03
   1.0546875000000000e-01   3.5728605703107821e+00   3.5756157130969242e+00   2.7551427861420841e-03
   1.1328125000000000e-01   3.5106414568621833e+00   3.5133593069805471e+00   2.7178501183637849e-03
   1.2109375000000000e-01   3.4447777392378356e+00   3.4474556348132808e+00   2.6778955754451772e-03
   1.2890625000000000e-01   3.3754271358529011e+00   3.3780634643138558e+00   2.6363284609547399e-03
   1.3671875000000000e-01   3.3027577218829562e+00   3.3053499672990414e+00   2.5922454160851593e-03
   1.4453125000000000e-01   3.2269435127831803e+00   3.2294903169520963e+00   2.5468041689160614e-03
   1.5234375000000000e-01   3.1481682486493114e+00   3.1506672658152270e+00   2.4990171659156069e-03
   1.6015625000000000e-01   3.0666205661125847e+00   3.0690707055227056e+00   2.4501394101208440e-03
   1.6796875000000000e-01   2.9824981006713411e+00   2.9848972093352932e+00   2.3991086639520987e-03
   1.7578125000000000e-01   2.8960022934589924e+00   2.8983495585780306e+00   2.3472651190381555e-03
   1.8359375000000000e-01   2.8073427720385906e+00   2.8096362541222715e+00   2.2934820836808534e-03
   1.9140625000000000e-01   2.7167318420574915e+00   2.7189710140888184e+00   2.2391720313268415e-03
   1.9921875000000000e-01   2.6243891043154335e+00   2.6265722589822480e+00   2.1831546668145130e-03
   2.0703125000000000e-01   2.5305356843542750e+00   2.5326625854967877e+00   2.1269011425126827e-03
   2.1484375000000000e-01   2.4353990413346929e+00   2.4374682302613797e+00   2.0691889266868380e-03
   2.2265625000000000e-01   2.3392069911331994e+00   2.3412185248158273e+00   2.0115336826278529e-03
   2.3046875000000000e-01   2.2421926607153511e+00   2.2441453431310272e+00   1.9526824156761435e-03
   2.3828125000000000e-01   2.1445883623008872e+00   2.1464825430042627e+00   1.8941807033754365e-03
   2.4609375000000000e-01   2.0466306455201235e+00   2.0484654026752933e+00   1.8347571551697861e-03
   2.5390625000000000e-01   1.9485540816423561e+00   1.9503300540204576e+00   1.7759723781014536e-03
   2.6171875000000000e-01   1.8505963648604116e+00   1.8523129136903060e+00   1.7165488298944709e-03
   2.6953125000000000e-01   1.7529920664435878e+00   1.7546501135611816e+00   1.6580471175937639e-03
   2.7734375000000000e-01   1.6559777360222074e+00   1.6575769318728470e+00   1.5991958506396120e-03
   2.8515625000000000e-01   1.5597856858160184e+00   1.5613272264225957e+00   1.5415406065772963e-03
   2.9296875000000000e-01   1.4646490427905876e+00   1.4661328711813351e+00   1.4838283907474548e-03
   3.0078125000000000e-01   1.3707956228224418e+00   1.3722231976888828e+00   1.4275748664409615e-03
   3.0859375000000000e-01   1.2784528850722747e+00   1.2798244425741983e+00   1.3715575019235260e-03
   3.1640625000000000e-01   1.1878419550819634e+00   1.1891592025315281e+00   1.3172474495646291e-03
   3.2421875000000000e-01   1.0991824336512694e+00   1.1004458980654699e+00   1.2634644142004436e-03
   3.3203125000000000e-01   1.0126866264275729e+00   1.0138982472968538e+00   1.2116208692809494e-03
   3.3984375000000000e-01   9.2856416097395389e-01   9.2972475109705810e-01   1.1605901231042104e-03
   3.4765625000000000e-01   8.4701647842385430e-01   8.4812819079115542e-01   1.1117123673011209e-03
   3.5546875000000000e-01   7.6824121427564607e-01   7.6930513963993841e-01   1.0639253642923396e-03
   3.6328125000000000e-01   6.9242700516059807e-01   6.9344548927771354e-01   1.0184841171154702e-03
   3.7109375000000000e-01   6.1975759117448814e-01   6.2073199224672349e-01   9.7440107223534245e-04
   3.7890625000000000e-01   5.5040698777253327e-01   5.5133982173026730e-01   9.3283395773402500e-04
   3.8671875000000000e-01   4.8454327013034976e-01   4.8543614954515429e-01   8.9287941480453714e-04
   3.9453125000000000e-01   4.2232415666314305e-01   4.2317974341015929e-01   8.5558674701624593e-04
   4.0234375000000000e-01   3.6390043897055069e-01   3.6472058446067812e-01   8.2014549012743299e-04
   4.1015625000000000e-01   3.0941201951321040e-01   3.1019950593103718e-01   7.8748641782677709e-04
   4.1796875000000000e-01   2.5899095410924200e-01   2.5974785387489802e-01   7.5689976565601613e-04
   4.2578125000000000e-01   2.1275798192754108e-01   2.1348717074110590e-01   7.2918881356481835e-04
   4.3359375000000000e-01   1.7082515123499487e-01   1.7152890256728720e-01   7.0375133229233500e-04
   4.4140625000000000e-01   1.3329287512455748e-01   1.3397413049658360e-01   6.8125537202612385e-04
   4.4921875000000000e-01   1.0025211522581970e-01   1.0091332726432228e-01   6.6121203850258436e-04
   4.5703125000000000e-01   7.1781991522817723e-02   7.2426139241274737e-02   6.4414771845701380e-04
   4.6484375000000000e-01   4.7951502997629646e-02   4.8581194558571121e-02   6.2969156094147549e-04
   4.7265625000000000e-01   2.8817714556676075e-02   2.9435937776522422e-02   6.1822321984634707e-04
   4.8046875000000000e-01   1.4426998036605562e-02   1.5036491495643380e-02   6.0949345903781732e-04
   4.8828125000000000e-01   2.4076366879585889e-03   5.4175452432669588e-03   3.0099085553083700e-03
   4.9609375000000000e-01   2.4076366639015400e-03   6.0227190343530609e-04   1.8053647604662339e-03
   5.0390625000000000e-01   2.4076366518730160e-03   6.0227189139229313e-04   1.8053647604807229e-03
   5.1171875000000000e-01   2.4076366518730160e-03   5.4175452071669331e-03   3.0099085552939171e-03
   5.1953125000000000e-01   1.4426997976571557e-02   1.5036491435573306e-02   6.0949345900174895e-04
   5.2734375000000000e-01   2.8817714472831150e-02   2.9435937692627017e-02   6.1822321979586661e-04
   5.3515625000000000e-01   4.7951502890175621e-02   4.8581194451052502e-02   6.2969156087688133e-04
   5.4296875000000000e-01   7.1781991392013647e-02   7.2426139110391918e-02   6.4414771837827123e-04
   5.5078125000000000e-01   1.0025211507198049e-01   1.0091332711039055e-01   6.6121203841006115e-04
   5.5859375000000000e-01   1.3329287494805397e-01   1.3397413031997382e-01   6.8125537191984775e-04
   5.6640625000000000e-01   1.7082515103625212e-01   1.7152890236842486e-01   7.0375133217273622e-04
   5.7421875000000000e-01   2.1275798170703797e-01   2.1348717052047012e-01   7.2918881343214670e-04
   5.8203125000000000e-01   2.5899095386750948e-01   2.5974785363302016e-01   7.5689976551068794e-04
   5.8984375000000000e-01   3.0941201925083106e-01   3.1019950566850013e-01   7.8748641766906990e-04
   5.9765625000000000e-01   3.6390043868815647e-01   3.6472058417811420e-01   8.2014548995773540e-04
   6.0546875000000000e-01   4.2232415636141452e-01   4.2317974310824935e-01   8.5558674683483549e-04
   6.1328125000000000e-01   4.8454326981001361e-01   4.8543614922462541e-01   8.9287941461180242e-04
   6.2109375000000000e-01   5.5040698743436134e-01   5.5133982139189208e-01   9.3283395753074316e-04
   6.2890625000000000e-01   6.1975759081929493e-01   6.2073199189131678e-01   9.7440107202184656e-04
   6.3671875000000000e-01   6.9242700478923991e-01   6.9344548890613034e-01   1.0184841168904279e-03
   6.4453125000000000e-01   7.6824121388901756e-01   7.6930513925307498e-01   1.0639253640574164e-03
   6.5234375000000000e-01   8.4701647802288638e-01   8.4812819038994536e-01   1.1117123670589812e-03
   6.6015625000000000e-01   9.2856416055961255e-01   9.2972475068246607e-01   1.1605901228535220e-03
   6.6796875000000000e-01   1.0126866260008560e+00   1.0138982468698789e+00   1.2116208690229335e-03
   6.7578125000000000e-01   1.0991824332132043e+00   1.1004458976271412e+00   1.2634644139368767e-03
   6.8359375000000000e-01   1.1878419546336065e+00   1.1891592020828996e+00   1.3172474492930686e-03
   6.9140625000000000e-01   1.2784528846147065e+00   1.2798244421163543e+00   1.3715575016477466e-03
   6.9921875000000000e-01   1.3707956223567646e+00   1.3722231972229242e+00   1.4275748661596310e-03
   7.0703125000000000e-01   1.4646490423179221e+00   1.4661328707083841e+00   1.4838283904619054e-03
   7.1484375000000000e-01   1.5597856853375036e+00   1.5613272259437916e+00   1.5415406062879722e-03
   7.2265625000000000e-01   1.6559777355389964e+00   1.6575769313893438e+00   1.5991958503474013e-03
   7.3046875000000000e-01   1.7529920659568450e+00   1.7546501130741463e+00   1.6580471173013311e-03
   7.3828125000000000e-01   1.8505963643713101e+00   1.8523129132009089e+00   1.7165488295987075e-03
   7.4609375000000000e-01   1.9485540811520738e+00   1.9503300535298784e+00   1.7759723778045799e-03
   8.7890625000000000e-01   3.4447777388996643e+00   3.4474556344749039e+00   2.6778955752395639e-03
   8.8671875000000000e-01   3.5106414565418476e+00   3.5133593066600164e+00   2.7178501181688297e-03
   8.9453125000000000e-01   3.5728605700090545e+00   3.5756157127950119e+00   2.7551427859573430e-03
   9.0234375000000000e-01   3.6312842877016465e+00   3.6340748717444944e+00   2.7905840428479323e-03
   9.1015625000000000e-01   3.6857727071589856e+00   3.6885959502741348e+00   2.8232431151491433e-03
   9.1796875000000000e-01   3.7361937725629542e+00   3.7390476023302739e+00   2.8538297673197377e-03
   9.2578125000000000e-01   3.7824267447446553e+00   3.7853082854640663e+00   2.8815407194109355e-03
   9.3359375000000000e-01   3.8243595754372013e+00   3.8272665536378847e+00   2.9069782006834188e-03
   9.4140625000000000e-01   3.8618918515476390e+00   3.8648213257085891e+00   2.9294741609500186e-03
   9.4921875000000000e-01   3.8949326114463769e+00   3.8978821289408501e+00   2.9495174944731417e-03
   9.5703125000000000e-01   3.9234027351493781e+00   3.9263693169638976e+00   2.9665818145194756e-03
   9.6484375000000000e-01   3.9472332236745666e+00   3.9502142616466012e+00   2.9810379720345281e-03
   9.7265625000000000e-01   3.9663670121155206e+00   3.9693595184286492e+00   2.9925063131286400e-03
   9.8046875000000000e-01   3.9807577286355911e+00   3.9837589647095286e+00   3.0012360739375410e-03
   9.8828125000000000e-01   3.9927770899842381e+00   3.9933779109619056e+00   6.0082097766755993e-04
   9.9609375000000000e-01   3.9927770900082953e+00   3.9981931843017371e+00   5.4160942934418088e-03
   7.5390625000000000e-01   2.0466306450298406e+00   2.0484654021847137e+00   1.8347571548731345e-03
   7.6171875000000000e-01   2.1445883618117847e+00   2.1464825425148653e+00   1.8941807030805613e-03
   7.6953125000000000e-01   2.2421926602286089e+00   2.2441453426439892e+00   1.9526824153803801e-03
   7.7734375000000000e-01   2.3392069906499895e+00   2.3412185243323256e+00   2.0115336823360863e-03
   7.8515625000000000e-01   2.4353990408561792e+00   2.4374682297825765e+00   2.0691889263972918e-03
   7.9296875000000000e-01   2.5305356838816095e+00   2.5326625850238367e+00   2.1269011422271333e-03
   8.0078125000000000e-01   2.6243891038497553e+00   2.6265722585162883e+00   2.1831546665329604e-03
   8.0859375000000000e-01   2.7167318415999224e+00   2.7189710136309726e+00   2.2391720310501739e-03
   8.1640625000000000e-01   2.8073427715902333e+00   2.8096362536736450e+00   2.2934820834117353e-03
   8.2421875000000000e-01   2.8960022930209273e+00   2.8983495581397007e+00   2.3472651187734783e-03
   8.3203125000000000e-01   2.9824981002446238e+00   2.9848972089083174e+00   2.3991086636936387e-03
   8.3984375000000000e-01   3.0666205656982424e+00   3.0690707051081132e+00   2.4501394098708218e-03
   8.4765625000000000e-01   3.1481682482483420e+00   3.1506672654140155e+00   2.4990171656735782e-03
   8.5546875000000000e-01   3.2269435123965504e+00   3.2294903165652333e+00   2.5468041686829146e-03
   8.6328125000000000e-01   3.3027577215115986e+00   3.3053499669274586e+00   2.5922454158600061e-03
   8.7109375000000000e-01   3.3754271354977092e+00   3.3780634639584486e+00   2.6363284607393567e-03
