#                  Coord.                Numerical               Analytical                    Error
   3.9062500000000000e-03   1.9993977281025863e+00   1.9993977281025863e+00   0.0000000000000000e+00
   1.1718750000000000e-02   1.9969900914386847e+00   1.9969900914386847e+00   0.0000000000000000e+00
   1.9531250000000000e-02   1.9921806183184889e+00   1.9921806183184889e+00   0.0000000000000000e+00
   2.7343750000000000e-02   1.9849808951840058e+00   1.9849808951840058e+00   0.0000000000000000e+00
   3.5156250000000000e-02   1.9754082667988873e+00   1.9754082667988873e+00   0.0000000000000000e+00
   4.2968750000000000e-02   1.9634857944633763e+00   1.9634857944633763e+00   0.0000000000000000e+00
   5.0781250000000000e-02   1.9492422004576149e+00   1.9492422004576149e+00   0.0000000000000000e+00
   5.8593750000000000e-02   1.9327117988471538e+00   1.9327117988471538e+00   0.0000000000000000e+00
   6.6406250000000000e-02   1.9139344128173650e+00   1.9139344128173650e+00   0.0000000000000000e+00
   7.4218750000000000e-02   1.8929552787358992e+00   1.8929552787358992e+00   0.0000000000000000e+00
   8.2031250000000000e-02   1.8698249371743136e+00   1.8698249371743136e+00   0.0000000000000000e+00
   8.9843750000000000e-02   1.8445991111514086e+00   1.8445991111514086e+00   0.0000000000000000e+00
   9.7656250000000000e-02   1.8173385718915951e+00   1.8173385718915951e+00   0.0000000000000000e+00
   1.0546875000000000e-01   1.7881089924216911e+00   1.7881089924216911e+00   0.0000000000000000e+00
   1.1328125000000000e-01   1.7569807893588480e+00   1.7569807893588480e+00   0.0000000000000000e+00
   1.2109375000000000e-01   1.7240289532707536e+00   1.7240289532707536e+00   0.0000000000000000e+00
   1.2890625000000000e-01   1.6893328680167830e+00   1.6893328680167830e+00   0.0000000000000000e+00
   1.3671875000000000e-01   1.6529761195053321e+00   1.6529761195053321e+00   0.0000000000000000e+00
   1.4453125000000000e-01   1.6150462943280393e+00   1.6150462943280393e+00   0.0000000000000000e+00
   1.5234375000000000e-01   1.5756347687560179e+00   1.5756347687560179e+00   0.0000000000000000e+00
   1.6015625000000000e-01   1.5348364886064121e+00   1.5348364886064121e+00   0.0000000000000000e+00
   1.6796875000000000e-01   1.4927497405096097e+00   1.4927497405096097e+00   0.0000000000000000e+00
   1.7578125000000000e-01   1.4494759151281400e+00   1.4494759151281400e+00   0.0000000000000000e+00
   1.8359375000000000e-01   1.4051192628976859e+00   1.4051192628976859e+00   0.0000000000000000e+00
   1.9140625000000000e-01   1.3597866428786549e+00   1.3597866428786549e+00   0.0000000000000000e+00
   1.9921875000000000e-01   1.3135872653233414e+00   1.3135872653233414e+00   0.0000000000000000e+00
   2.0703125000000000e-01   1.2666324285788630e+00   1.2666324285788630e+00   0.0000000000000000e+00
   2.1484375000000000e-01   1.2190352509596960e+00   1.2190352509596960e+00   0.0000000000000000e+00
   2.2265625000000000e-01   1.1709103982357452e+00   1.1709103982357452e+00   0.0000000000000000e+00
   2.3046875000000000e-01   1.1223738073924612e+00   1.1223738073924612e+00   0.0000000000000000e+00
   2.3828125000000000e-01   1.0735424073284894e+00   1.0735424073284894e+00   0.0000000000000000e+00
   2.4609375000000000e-01   1.0245338371637089e+00   1.0245338371637089e+00   0.0000000000000000e+00
   2.5390625000000000e-01   9.7546616283629117e-01   9.7546616283629117e-01   0.0000000000000000e+00
   2.6171875000000000e-01   9.2645759267151084e-01   9.2645759267151084e-01   0.0000000000000000e+00
   2.6953125000000000e-01   8.7762619260753882e-01   8.7762619260753882e-01   0.0000000000000000e+00
   2.7734375000000000e-01   8.2908960176425495e-01   8.2908960176425495e-01   0.0000000000000000e+00
   2.8515625000000000e-01   7.8096474904030400e-01   7.8096474904030400e-01   0.0000000000000000e+00
   2.9296875000000000e-01   7.3336757142113695e-01   7.3336757142113695e-01   0.0000000000000000e+00
   3.0078125000000000e-01   6.8641273467665886e-01   6.8641273467665886e-01   0.0000000000000000e+00
   3.0859375000000000e-01   6.4021335712134508e-01   6.4021335712134508e-01   0.0000000000000000e+00
   3.1640625000000000e-01   5.9488073710231415e-01   5.9488073710231415e-01   0.0000000000000000e+00
   3.2421875000000000e-01   5.5052408487186000e-01   5.5052408487186000e-01   0.0000000000000000e+00
   3.3203125000000000e-01   5.0725025949039038e-01   5.0725025949039038e-01   0.0000000000000000e+00
   3.3984375000000000e-01   4.6516351139358814e-01   4.6516351139358814e-01   0.0000000000000000e+00
   3.4765625000000000e-01   4.2436523124398218e-01   4.2436523124398218e-01   0.0000000000000000e+00
   3.5546875000000000e-01   3.8495370567196074e-01   3.8495370567196074e-01   0.0000000000000000e+00
   3.6328125000000000e-01   3.4702388049466826e-01   3.4702388049466826e-01   0.0000000000000000e+00
   3.7109375000000000e-01   3.1066713198321705e-01   3.1066713198321705e-01   0.0000000000000000e+00
   3.7890625000000000e-01   2.7597104672924677e-01   2.7597104672924677e-01   0.0000000000000000e+00
   3.8671875000000000e-01   2.4301921064115195e-01   2.4301921064115195e-01   0.0000000000000000e+00
   3.9453125000000000e-01   2.1189100757830903e-01   2.1189100757830903e-01   0.0000000000000000e+00
   4.0234375000000000e-01   1.8266142810840502e-01   1.8266142810840502e-01   0.0000000000000000e+00
   4.1015625000000000e-01   1.5540088884859127e-01   1.5540088884859127e-01   0.0000000000000000e+00
   4.1796875000000000e-01   1.3017506282568647e-01   1.3017506282568647e-01   0.0000000000000000e+00
   4.2578125000000000e-01   1.0704472126410092e-01   1.0704472126410092e-01   0.0000000000000000e+00
   4.3359375000000000e-01   8.6065587182634906e-02   8.6065587182634906e-02   0.0000000000000000e+00
   4.4140625000000000e-01   6.7288201152846283e-02   6.7288201152846283e-02   0.0000000000000000e+00
   4.4921875000000000e-01   5.0757799542385129e-02   5.0757799542385129e-02   0.0000000000000000e+00
   4.5703125000000000e-01   3.6514205536623545e-02   3.6514205536623545e-02   0.0000000000000000e+00
   4.6484375000000000e-01   2.4591733201112853e-02   2.4591733201112853e-02   0.0000000000000000e+00
   4.7265625000000000e-01   1.5019104815994333e-02   1.5019104815994333e-02   0.0000000000000000e+00
   4.8046875000000000e-01   7.8193816815110839e-03   7.8193816815110839e-03   0.0000000000000000e+00
   4.8828125000000000e-01   3.0099085613153331e-03   3.0099085613153331e-03   0.0000000000000000e+00
   4.9609375000000000e-01   6.0227189741379750e-04   6.0227189741379750e-04   0.0000000000000000e+00
   5.0390625000000000e-01   6.0227189741379750e-04   6.0227189741379750e-04   0.0000000000000000e+00
   5.1171875000000000e-01   3.0099085613153331e-03   3.0099085613153331e-03   0.0000000000000000e+00
   5.1953125000000000e-01   7.8193816815110839e-03   7.8193816815110839e-03   0.0000000000000000e+00
   5.2734375000000000e-01   1.5019104815994222e-02   1.5019104815994222e-02   0.0000000000000000e+00
   5.3515625000000000e-01   2.4591733201112742e-02   2.4591733201112742e-02   0.0000000000000000e+00
   5.4296875000000000e-01   3.6514205536623434e-02   3.6514205536623434e-02   0.0000000000000000e+00
   5.5078125000000000e-01   5.0757799542385018e-02   5.0757799542385018e-02   0.0000000000000000e+00
   5.5859375000000000e-01   6.7288201152846172e-02   6.7288201152846172e-02   0.0000000000000000e+00
   5.6640625000000000e-01   8.6065587182634906e-02   8.6065587182634906e-02   0.0000000000000000e+00
   5.7421875000000000e-01   1.0704472126410081e-01   1.0704472126410081e-01   0.0000000000000000e+00
   5.8203125000000000e-01   1.3017506282568636e-01   1.3017506282568636e-01   0.0000000000000000e+00
   5.8984375000000000e-01   1.5540088884859116e-01   1.5540088884859116e-01   0.0000000000000000e+00
   5.9765625000000000e-01   1.8266142810840491e-01   1.8266142810840491e-01   0.0000000000000000e+00
   6.0546875000000000e-01   2.1189100757830892e-01   2.1189100757830892e-01   0.0000000000000000e+00
   6.1328125000000000e-01   2.4301921064115173e-01   2.4301921064115173e-01   0.0000000000000000e+00
   6.2109375000000000e-01   2.7597104672924655e-01   2.7597104672924655e-01   0.0000000000000000e+00
   6.2890625000000000e-01   3.1066713198321694e-01   3.1066713198321694e-01   0.0000000000000000e+00
   6.3671875000000000e-01   3.4702388049466770e-01   3.4702388049466770e-01   0.0000000000000000e+00
   6.4453125000000000e-01   3.8495370567196019e-01   3.8495370567196019e-01   0.0000000000000000e+00
   6.5234375000000000e-01   4.2436523124398229e-01   4.2436523124398229e-01   0.0000000000000000e+00
   6.6015625000000000e-01   4.6516351139358791e-01   4.6516351139358791e-01   0.0000000000000000e+00
   6.6796875000000000e-01   5.0725025949039015e-01   5.0725025949039015e-01   0.0000000000000000e+00
   6.7578125000000000e-01   5.5052408487185978e-01   5.5052408487185978e-01   0.0000000000000000e+00
   6.8359375000000000e-01   5.9488073710231348e-01   5.9488073710231348e-01   0.0000000000000000e+00
   6.9140625000000000e-01   6.4021335712134531e-01   6.4021335712134531e-01   0.0000000000000000e+00
   6.9921875000000000e-01   6.8641273467665886e-01   6.8641273467665886e-01   0.0000000000000000e+00
   7.0703125000000000e-01   7.3336757142113673e-01   7.3336757142113673e-01   0.0000000000000000e+00
   7.1484375000000000e-01   7.8096474904030355e-01   7.8096474904030355e-01   0.0000000000000000e+00
   7.2265625000000000e-01   8.2908960176425450e-01   8.2908960176425450e-01   0.0000000000000000e+00
   7.3046875000000000e-01   8.7762619260753905e-01   8.7762619260753905e-01   0.0000000000000000e+00
   7.3828125000000000e-01   9.2645759267151073e-01   9.2645759267151073e-01   0.0000000000000000e+00
   7.4609375000000000e-01   9.7546616283629084e-01   9.7546616283629084e-01   0.0000000000000000e+00
   8.7890625000000000e-01   1.7240289532707531e+00   1.7240289532707531e+00   0.0000000000000000e+00
   8.8671875000000000e-01   1.7569807893588476e+00   1.7569807893588476e+00   0.0000000000000000e+00
   8.9453125000000000e-01   1.7881089924216906e+00   1.7881089924216906e+00   0.0000000000000000e+00
   9.0234375000000000e-01   1.8173385718915951e+00   1.8173385718915951e+00   0.0000000000000000e+00
   9.1015625000000000e-01   1.8445991111514086e+00   1.8445991111514086e+00   0.0000000000000000e+00
   9.1796875000000000e-01   1.8698249371743136e+00   1.8698249371743136e+00   0.0000000000000000e+00
   9.2578125000000000e-01   1.8929552787358990e+00   1.8929552787358990e+00   0.0000000000000000e+00
   9.3359375000000000e-01   1.9139344128173650e+00   1.9139344128173650e+00   0.0000000000000000e+00
   9.4140625000000000e-01   1.9327117988471538e+00   1.9327117988471538e+00   0.0000000000000000e+00
   9.4921875000000000e-01   1.9492422004576149e+00   1.9492422004576149e+00   0.0000000000000000e+00
   9.5703125000000000e-01   1.9634857944633763e+00   1.9634857944633763e+00   0.0000000000000000e+00
   9.6484375000000000e-01   1.9754082667988873e+00   1.9754082667988873e+00   0.0000000000000000e+00
   9.7265625000000000e-01   1.9849808951840056e+00   1.9849808951840056e+00   0.0000000000000000e+00
   9.8046875000000000e-01   1.9921806183184889e+00   1.9921806183184889e+00   0.0000000000000000e+00
   9.8828125000000000e-01   1.9969900914386847e+00   1.9969900914386847e+00   0.0000000000000000e+00
   9.9609375000000000e-01   1.9993977281025863e+00   1.9993977281025863e+00   0.0000000000000000e+00
   7.5390625000000000e-01   1.0245338371637087e+00   1.0245338371637087e+00   0.0000000000000000e+00
   7.6171875000000000e-01   1.0735424073284889e+00   1.0735424073284889e+00   0.0000000000000000e+00
   7.6953125000000000e-01   1.1223738073924605e+00   1.1223738073924605e+00   0.0000000000000000e+00
   7.7734375000000000e-01   1.1709103982357452e+00   1.1709103982357452e+00   0.0000000000000000e+00
   7.8515625000000000e-01   1.2190352509596960e+00   1.2190352509596960e+00   0.0000000000000000e+00
   7.9296875000000000e-01   1.2666324285788630e+00   1.2666324285788630e+00   0.0000000000000000e+00
   8.0078125000000000e-01   1.3135872653233409e+00   1.3135872653233409e+00   0.0000000000000000e+00
   8.0859375000000000e-01   1.3597866428786545e+00   1.3597866428786545e+00   0.0000000000000000e+00
   8.1640625000000000e-01   1.4051192628976861e+00   1.4051192628976861e+00   0.0000000000000000e+00
   8.2421875000000000e-01   1.4494759151281400e+00   1.4494759151281400e+00   0.0000000000000000e+00
   8.3203125000000000e-01   1.4927497405096095e+00   1.4927497405096095e+00   0.0000000000000000e+00
   8.3984375000000000e-01   1.5348364886064116e+00   1.5348364886064116e+00   0.0000000000000000e+00
   8.4765625000000000e-01   1.5756347687560175e+00   1.5756347687560175e+00   0.0000000000000000e+00
   8.5546875000000000e-01   1.6150462943280397e+00   1.6150462943280397e+00   0.0000000000000000e+00
   8.6328125000000000e-01   1.6529761195053321e+00   1.6529761195053321e+00   0.0000000000000000e+00
   8.7109375000000000e-01   1.6893328680167827e+00   1.6893328680167827e+00   0.0000000000000000e+00
