#                  Coord.                Numerical               Analytical                    Error
   7.8125000000000000e-03   1.9975923633360986e+00   1.9975923633360986e+00   0.0000000000000000e+00
   2.3437500000000000e-02   1.9879850035377138e+00   1.9879850035377138e+00   0.0000000000000000e+00
   3.9062500000000000e-02   1.9688628080677195e+00   1.9688628080677195e+00   0.0000000000000000e+00
   5.4687500000000000e-02   1.9404099341217478e+00   1.9404099341217478e+00   0.0000000000000000e+00
   7.0312500000000000e-02   1.9029003984298209e+00   1.9029003984298209e+00   0.0000000000000000e+00
   8.5937500000000000e-02   1.8566954383254501e+00   1.8566954383254501e+00   0.0000000000000000e+00
   1.0156250000000000e-01   1.8022400328326411e+00   1.8022400328326411e+00   0.0000000000000000e+00
   1.1718750000000000e-01   1.7400586172746424e+00   1.7400586172746424e+00   0.0000000000000000e+00
   1.3281250000000000e-01   1.6707500326750964e+00   1.6707500326750964e+00   0.0000000000000000e+00
   1.4843750000000000e-01   1.5949817585916239e+00   1.5949817585916239e+00   0.0000000000000000e+00
   1.6406250000000000e-01   1.5134834849227998e+00   1.5134834849227998e+00   0.0000000000000000e+00
   1.7968750000000000e-01   1.4270400845955438e+00   1.4270400845955438e+00   0.0000000000000000e+00
   1.9531250000000000e-01   1.3364840548097761e+00   1.3364840548097761e+00   0.0000000000000000e+00
   2.1093750000000000e-01   1.2426874996352955e+00   1.2426874996352955e+00   0.0000000000000000e+00
   2.2656250000000000e-01   1.1465537311728444e+00   1.1465537311728444e+00   0.0000000000000000e+00
   2.4218750000000000e-01   1.0490085701647804e+00   1.0490085701647804e+00   0.0000000000000000e+00
   2.5781250000000000e-01   9.5099142983521967e-01   9.5099142983521967e-01   0.0000000000000000e+00
   2.7343750000000000e-01   8.5344626882715569e-01   8.5344626882715569e-01   0.0000000000000000e+00
   2.8906250000000000e-01   7.5731250036470477e-01   7.5731250036470477e-01   0.0000000000000000e+00
   3.0468750000000000e-01   6.6351594519022405e-01   6.6351594519022405e-01   0.0000000000000000e+00
   3.2031250000000000e-01   5.7295991540445645e-01   5.7295991540445645e-01   0.0000000000000000e+00
   3.3593750000000000e-01   4.8651651507720017e-01   4.8651651507720017e-01   0.0000000000000000e+00
   3.5156250000000000e-01   4.0501824140837617e-01   4.0501824140837617e-01   0.0000000000000000e+00
   3.6718750000000000e-01   3.2924996732490341e-01   3.2924996732490341e-01   0.0000000000000000e+00
   3.8281250000000000e-01   2.5994138272535794e-01   2.5994138272535794e-01   0.0000000000000000e+00
   3.9843750000000000e-01   1.9775996716735900e-01   1.9775996716735900e-01   0.0000000000000000e+00
   4.1406250000000000e-01   1.4330456167454997e-01   1.4330456167454997e-01   0.0000000000000000e+00
   4.2968750000000000e-01   9.7099601570179050e-02   9.7099601570179050e-02   0.0000000000000000e+00
   4.4531250000000000e-01   5.9590065878252219e-02   5.9590065878252219e-02   0.0000000000000000e+00
   4.6093750000000000e-01   3.1137191932280373e-02   3.1137191932280373e-02   0.0000000000000000e+00
   4.7656250000000000e-01   1.2014996462286320e-02   1.2014996462286320e-02   0.0000000000000000e+00
   4.9218750000000000e-01   2.4076366639015356e-03   2.4076366639015356e-03   0.0000000000000000e+00
   5.0781250000000000e-01   2.4076366639015356e-03   2.4076366639015356e-03   0.0000000000000000e+00
   5.2343750000000000e-01   1.2014996462286320e-02   1.2014996462286320e-02   0.0000000000000000e+00
   5.3906250000000000e-01   3.1137191932280373e-02   3.1137191932280373e-02   0.0000000000000000e+00
   5.5468750000000000e-01   5.9590065878252108e-02   5.9590065878252108e-02   0.0000000000000000e+00
   5.7031250000000000e-01   9.7099601570178939e-02   9.7099601570178939e-02   0.0000000000000000e+00
   5.8593750000000000e-01   1.4330456167454986e-01   1.4330456167454986e-01   0.0000000000000000e+00
   6.0156250000000000e-01   1.9775996716735889e-01   1.9775996716735889e-01   0.0000000000000000e+00
   6.1718750000000000e-01   2.5994138272535772e-01   2.5994138272535772e-01   0.0000000000000000e+00
   6.3281250000000000e-01   3.2924996732490319e-01   3.2924996732490319e-01   0.0000000000000000e+00
   6.4843750000000000e-01   4.0501824140837639e-01   4.0501824140837639e-01   0.0000000000000000e+00
   6.6406250000000000e-01   4.8651651507720006e-01   4.8651651507720006e-01   0.0000000000000000e+00
   6.7968750000000000e-01   5.7295991540445590e-01   5.7295991540445590e-01   0.0000000000000000e+00
   6.9531250000000000e-01   6.6351594519022405e-01   6.6351594519022405e-01   0.0000000000000000e+00
   7.1093750000000000e-01   7.5731250036470443e-01   7.5731250036470443e-01   0.0000000000000000e+00
   7.2656250000000000e-01   8.5344626882715502e-01   8.5344626882715502e-01   0.0000000000000000e+00
   7.4218750000000000e-01   9.5099142983521967e-01   9.5099142983521967e-01   0.0000000000000000e+00
   7.5781250000000000e-01   1.0490085701647800e+00   1.0490085701647800e+00   0.0000000000000000e+00
   7.7343750000000000e-01   1.1465537311728446e+00   1.1465537311728446e+00   0.0000000000000000e+00
   7.8906250000000000e-01   1.2426874996352952e+00   1.2426874996352952e+00   0.0000000000000000e+00
   8.0468750000000000e-01   1.3364840548097756e+00   1.3364840548097756e+00   0.0000000000000000e+00
   8.2031250000000000e-01   1.4270400845955438e+00   1.4270400845955438e+00   0.0000000000000000e+00
   8.3593750000000000e-01   1.5134834849227996e+00   1.5134834849227996e+00   0.0000000000000000e+00
   8.5156250000000000e-01   1.5949817585916235e+00   1.5949817585916235e+00   0.0000000000000000e+00
   8.6718750000000000e-01   1.6707500326750964e+00   1.6707500326750964e+00   0.0000000000000000e+00
   8.8281250000000000e-01   1.7400586172746419e+00   1.7400586172746419e+00   0.0000000000000000e+00
   8.9843750000000000e-01   1.8022400328326413e+00   1.8022400328326413e+00   0.0000000000000000e+00
   9.1406250000000000e-01   1.8566954383254499e+00   1.8566954383254499e+00   0.0000000000000000e+00
   9.2968750000000000e-01   1.9029003984298207e+00   1.9029003984298207e+00   0.0000000000000000e+00
   9.4531250000000000e-01   1.9404099341217478e+00   1.9404099341217478e+00   0.0000000000000000e+00
   9.6093750000000000e-01   1.9688628080677195e+00   1.9688628080677195e+00   0.0000000000000000e+00
   9.7656250000000000e-01   1.9879850035377136e+00   1.9879850035377136e+00   0.0000000000000000e+00
   9.9218750000000000e-01   1.9975923633360986e+00   1.9975923633360986e+00   0.0000000000000000e+00
