#                  Coord.                Numerical               Analytical                    Error
   3.9062500000000000e-03   2.4533837163709007e-02   2.4533837163709007e-02   0.0000000000000000e+00
   1.1718750000000000e-02   7.3542407328489309e-02   7.3542407328489309e-02   0.0000000000000000e+00
   1.9531250000000000e-02   1.2237380739246118e-01   1.2237380739246118e-01   0.0000000000000000e+00
   2.7343750000000000e-02   1.7091039823574500e-01   1.7091039823574500e-01   0.0000000000000000e+00
   3.5156250000000000e-02   2.1903525095969609e-01   2.1903525095969609e-01   0.0000000000000000e+00
   4.2968750000000000e-02   2.6663242857886310e-01   2.6663242857886310e-01   0.0000000000000000e+00
   5.0781250000000000e-02   3.1358726532334125e-01   3.1358726532334125e-01   0.0000000000000000e+00
   5.8593750000000000e-02   3.5978664287865486e-01   3.5978664287865486e-01   0.0000000000000000e+00
   6.6406250000000000e-02   4.0511926289768596e-01   4.0511926289768596e-01   0.0000000000000000e+00
   7.4218750000000000e-02   4.4947591512813984e-01   4.4947591512813984e-01   0.0000000000000000e+00
   8.2031250000000000e-02   4.9274974050960968e-01   4.9274974050960968e-01   0.0000000000000000e+00
   8.9843750000000000e-02   5.3483648860641197e-01   5.3483648860641197e-01   0.0000000000000000e+00
   9.7656250000000000e-02   5.7563476875601782e-01   5.7563476875601782e-01   0.0000000000000000e+00
   1.0546875000000000e-01   6.1504629432803937e-01   6.1504629432803937e-01   0.0000000000000000e+00
   1.1328125000000000e-01   6.5297611950533196e-01   6.5297611950533196e-01   0.0000000000000000e+00
   1.2109375000000000e-01   6.8933286801678284e-01   6.8933286801678284e-01   0.0000000000000000e+00
   1.2890625000000000e-01   7.2402895327075334e-01   7.2402895327075334e-01   0.0000000000000000e+00
   1.3671875000000000e-01   7.5698078935884794e-01   7.5698078935884794e-01   0.0000000000000000e+00
   1.4453125000000000e-01   7.8810899242169097e-01   7.8810899242169097e-01   0.0000000000000000e+00
   1.5234375000000000e-01   8.1733857189159509e-01   8.1733857189159509e-01   0.0000000000000000e+00
   1.6015625000000000e-01   8.4459911115140862e-01   8.4459911115140862e-01   0.0000000000000000e+00
   1.6796875000000000e-01   8.6982493717431353e-01   8.6982493717431353e-01   0.0000000000000000e+00
   1.7578125000000000e-01   8.9295527873589919e-01   8.9295527873589919e-01   0.0000000000000000e+00
   1.8359375000000000e-01   9.1393441281736509e-01   9.1393441281736509e-01   0.0000000000000000e+00
   1.9140625000000000e-01   9.3271179884715372e-01   9.3271179884715372e-01   0.0000000000000000e+00
   1.9921875000000000e-01   9.4924220045761487e-01   9.4924220045761487e-01   0.0000000000000000e+00
   2.0703125000000000e-01   9.6348579446337645e-01   9.6348579446337645e-01   0.0000000000000000e+00
   2.1484375000000000e-01   9.7540826679888726e-01   9.7540826679888726e-01   0.0000000000000000e+00
   2.2265625000000000e-01   9.8498089518400567e-01   9.8498089518400567e-01   0.0000000000000000e+00
   2.3046875000000000e-01   9.9218061831848892e-01   9.9218061831848892e-01   0.0000000000000000e+00
   2.3828125000000000e-01   9.9699009143868467e-01   9.9699009143868467e-01   0.0000000000000000e+00
   2.4609375000000000e-01   9.9939772810258620e-01   9.9939772810258620e-01   0.0000000000000000e+00
   2.5390625000000000e-01   9.9939772810258620e-01   9.9939772810258620e-01   0.0000000000000000e+00
   2.6171875000000000e-01   9.9699009143868467e-01   9.9699009143868467e-01   0.0000000000000000e+00
   2.6953125000000000e-01   9.9218061831848892e-01   9.9218061831848892e-01   0.0000000000000000e+00
   2.7734375000000000e-01   9.8498089518400567e-01   9.8498089518400567e-01   0.0000000000000000e+00
   2.8515625000000000e-01   9.7540826679888726e-01   9.7540826679888726e-01   0.0000000000000000e+00
   2.9296875000000000e-01   9.6348579446337645e-01   9.6348579446337645e-01   0.0000000000000000e+00
   3.0078125000000000e-01   9.4924220045761487e-01   9.4924220045761487e-01   0.0000000000000000e+00
   3.0859375000000000e-01   9.3271179884715372e-01   9.3271179884715372e-01   0.0000000000000000e+00
   3.1640625000000000e-01   9.1393441281736509e-01   9.1393441281736509e-01   0.0000000000000000e+00
   3.2421875000000000e-01   8.9295527873589908e-01   8.9295527873589908e-01   0.0000000000000000e+00
   3.3203125000000000e-01   8.6982493717431364e-01   8.6982493717431364e-01   0.0000000000000000e+00
   3.3984375000000000e-01   8.4459911115140884e-01   8.4459911115140884e-01   0.0000000000000000e+00
   3.4765625000000000e-01   8.1733857189159509e-01   8.1733857189159509e-01   0.0000000000000000e+00
   3.5546875000000000e-01   7.8810899242169108e-01   7.8810899242169108e-01   0.0000000000000000e+00
   3.6328125000000000e-01   7.5698078935884816e-01   7.5698078935884816e-01   0.0000000000000000e+00
   3.7109375000000000e-01   7.2402895327075334e-01   7.2402895327075334e-01   0.0000000000000000e+00
   3.7890625000000000e-01   6.8933286801678306e-01   6.8933286801678306e-01   0.0000000000000000e+00
   3.8671875000000000e-01   6.5297611950533185e-01   6.5297611950533185e-01   0.0000000000000000e+00
   3.9453125000000000e-01   6.1504629432803948e-01   6.1504629432803948e-01   0.0000000000000000e+00
   4.0234375000000000e-01   5.7563476875601793e-01   5.7563476875601793e-01   0.0000000000000000e+00
   4.1015625000000000e-01   5.3483648860641197e-01   5.3483648860641197e-01   0.0000000000000000e+00
   4.1796875000000000e-01   4.9274974050960979e-01   4.9274974050960979e-01   0.0000000000000000e+00
   4.2578125000000000e-01   4.4947591512814017e-01   4.4947591512814017e-01   0.0000000000000000e+00
   4.3359375000000000e-01   4.0511926289768602e-01   4.0511926289768602e-01   0.0000000000000000e+00
   4.4140625000000000e-01   3.5978664287865508e-01   3.5978664287865508e-01   0.0000000000000000e+00
   4.4921875000000000e-01   3.1358726532334114e-01   3.1358726532334114e-01   0.0000000000000000e+00
   4.5703125000000000e-01   2.6663242857886321e-01   2.6663242857886321e-01   0.0000000000000000e+00
   4.6484375000000000e-01   2.1903525095969634e-01   2.1903525095969634e-01   0.0000000000000000e+00
   4.7265625000000000e-01   1.7091039823574500e-01   1.7091039823574500e-01   0.0000000000000000e+00
   4.8046875000000000e-01   1.2237380739246133e-01   1.2237380739246133e-01   0.0000000000000000e+00
   4.8828125000000000e-01   7.3542407328489615e-02   7.3542407328489615e-02   0.0000000000000000e+00
   4.9609375000000000e-01   2.4533837163709046e-02   2.4533837163709046e-02   0.0000000000000000e+00
   5.0390625000000000e-01  -2.4533837163708799e-02  -2.4533837163708799e-02   0.0000000000000000e+00
   5.1171875000000000e-01  -7.3542407328489379e-02  -7.3542407328489379e-02   0.0000000000000000e+00
   5.1953125000000000e-01  -1.2237380739246108e-01  -1.2237380739246108e-01   0.0000000000000000e+00
   5.2734375000000000e-01  -1.7091039823574475e-01  -1.7091039823574475e-01   0.0000000000000000e+00
   5.3515625000000000e-01  -2.1903525095969609e-01  -2.1903525095969609e-01   0.0000000000000000e+00
   5.4296875000000000e-01  -2.6663242857886299e-01  -2.6663242857886299e-01   0.0000000000000000e+00
   5.5078125000000000e-01  -3.1358726532334091e-01  -3.1358726532334091e-01   0.0000000000000000e+00
   5.5859375000000000e-01  -3.5978664287865486e-01  -3.5978664287865486e-01   0.0000000000000000e+00
   5.6640625000000000e-01  -4.0511926289768579e-01  -4.0511926289768579e-01   0.0000000000000000e+00
   5.7421875000000000e-01  -4.4947591512813995e-01  -4.4947591512813995e-01   0.0000000000000000e+00
   5.8203125000000000e-01  -4.9274974050960957e-01  -4.9274974050960957e-01   0.0000000000000000e+00
   5.8984375000000000e-01  -5.3483648860641175e-01  -5.3483648860641175e-01   0.0000000000000000e+00
   5.9765625000000000e-01  -5.7563476875601782e-01  -5.7563476875601782e-01   0.0000000000000000e+00
   6.0546875000000000e-01  -6.1504629432803926e-01  -6.1504629432803926e-01   0.0000000000000000e+00
   6.1328125000000000e-01  -6.5297611950533174e-01  -6.5297611950533174e-01   0.0000000000000000e+00
   6.2109375000000000e-01  -6.8933286801678284e-01  -6.8933286801678284e-01   0.0000000000000000e+00
   6.2890625000000000e-01  -7.2402895327075323e-01  -7.2402895327075323e-01   0.0000000000000000e+00
   6.3671875000000000e-01  -7.5698078935884772e-01  -7.5698078935884772e-01   0.0000000000000000e+00
   6.4453125000000000e-01  -7.8810899242169064e-01  -7.8810899242169064e-01   0.0000000000000000e+00
   6.5234375000000000e-01  -8.1733857189159520e-01  -8.1733857189159520e-01   0.0000000000000000e+00
   6.6015625000000000e-01  -8.4459911115140862e-01  -8.4459911115140862e-01   0.0000000000000000e+00
   6.6796875000000000e-01  -8.6982493717431353e-01  -8.6982493717431353e-01   0.0000000000000000e+00
   6.7578125000000000e-01  -8.9295527873589908e-01  -8.9295527873589908e-01   0.0000000000000000e+00
   6.8359375000000000e-01  -9.1393441281736487e-01  -9.1393441281736487e-01   0.0000000000000000e+00
   6.9140625000000000e-01  -9.3271179884715383e-01  -9.3271179884715383e-01   0.0000000000000000e+00
   6.9921875000000000e-01  -9.4924220045761487e-01  -9.4924220045761487e-01   0.0000000000000000e+00
   7.0703125000000000e-01  -9.6348579446337645e-01  -9.6348579446337645e-01   0.0000000000000000e+00
   7.1484375000000000e-01  -9.7540826679888715e-01  -9.7540826679888715e-01   0.0000000000000000e+00
   7.2265625000000000e-01  -9.8498089518400556e-01  -9.8498089518400556e-01   0.0000000000000000e+00
   7.3046875000000000e-01  -9.9218061831848903e-01  -9.9218061831848903e-01   0.0000000000000000e+00
   7.3828125000000000e-01  -9.9699009143868467e-01  -9.9699009143868467e-01   0.0000000000000000e+00
   7.4609375000000000e-01  -9.9939772810258620e-01  -9.9939772810258620e-01   0.0000000000000000e+00
   8.7890625000000000e-01  -6.8933286801678317e-01  -6.8933286801678317e-01   0.0000000000000000e+00
   8.8671875000000000e-01  -6.5297611950533230e-01  -6.5297611950533230e-01   0.0000000000000000e+00
   8.9453125000000000e-01  -6.1504629432803992e-01  -6.1504629432803992e-01   0.0000000000000000e+00
   9.0234375000000000e-01  -5.7563476875601771e-01  -5.7563476875601771e-01   0.0000000000000000e+00
   9.1015625000000000e-01  -5.3483648860641209e-01  -5.3483648860641209e-01   0.0000000000000000e+00
   9.1796875000000000e-01  -4.9274974050960990e-01  -4.9274974050960990e-01   0.0000000000000000e+00
   9.2578125000000000e-01  -4.4947591512814028e-01  -4.4947591512814028e-01   0.0000000000000000e+00
   9.3359375000000000e-01  -4.0511926289768652e-01  -4.0511926289768652e-01   0.0000000000000000e+00
   9.4140625000000000e-01  -3.5978664287865475e-01  -3.5978664287865475e-01   0.0000000000000000e+00
   9.4921875000000000e-01  -3.1358726532334125e-01  -3.1358726532334125e-01   0.0000000000000000e+00
   9.5703125000000000e-01  -2.6663242857886332e-01  -2.6663242857886332e-01   0.0000000000000000e+00
   9.6484375000000000e-01  -2.1903525095969645e-01  -2.1903525095969645e-01   0.0000000000000000e+00
   9.7265625000000000e-01  -1.7091039823574555e-01  -1.7091039823574555e-01   0.0000000000000000e+00
   9.8046875000000000e-01  -1.2237380739246101e-01  -1.2237380739246101e-01   0.0000000000000000e+00
   9.8828125000000000e-01  -7.3542407328489295e-02  -7.3542407328489295e-02   0.0000000000000000e+00
   9.9609375000000000e-01  -2.4533837163709167e-02  -2.4533837163709167e-02   0.0000000000000000e+00
   7.5390625000000000e-01  -9.9939772810258620e-01  -9.9939772810258620e-01   0.0000000000000000e+00
   7.6171875000000000e-01  -9.9699009143868467e-01  -9.9699009143868467e-01   0.0000000000000000e+00
   7.6953125000000000e-01  -9.9218061831848903e-01  -9.9218061831848903e-01   0.0000000000000000e+00
   7.7734375000000000e-01  -9.8498089518400567e-01  -9.8498089518400567e-01   0.0000000000000000e+00
   7.8515625000000000e-01  -9.7540826679888726e-01  -9.7540826679888726e-01   0.0000000000000000e+00
   7.9296875000000000e-01  -9.6348579446337657e-01  -9.6348579446337657e-01   0.0000000000000000e+00
   8.0078125000000000e-01  -9.4924220045761498e-01  -9.4924220045761498e-01   0.0000000000000000e+00
   8.0859375000000000e-01  -9.3271179884715394e-01  -9.3271179884715394e-01   0.0000000000000000e+00
   8.1640625000000000e-01  -9.1393441281736498e-01  -9.1393441281736498e-01   0.0000000000000000e+00
   8.2421875000000000e-01  -8.9295527873589919e-01  -8.9295527873589919e-01   0.0000000000000000e+00
   8.3203125000000000e-01  -8.6982493717431364e-01  -8.6982493717431364e-01   0.0000000000000000e+00
   8.3984375000000000e-01  -8.4459911115140884e-01  -8.4459911115140884e-01   0.0000000000000000e+00
   8.4765625000000000e-01  -8.1733857189159542e-01  -8.1733857189159542e-01   0.0000000000000000e+00
   8.5546875000000000e-01  -7.8810899242169086e-01  -7.8810899242169086e-01   0.0000000000000000e+00
   8.6328125000000000e-01  -7.5698078935884805e-01  -7.5698078935884805e-01   0.0000000000000000e+00
   8.7109375000000000e-01  -7.2402895327075345e-01  -7.2402895327075345e-01   0.0000000000000000e+00
