#                  Coord.                Numerical               Analytical                    Error
   7.8125000000000000e-03   3.9927770900082957e+00   3.9927770900082957e+00   0.0000000000000000e+00
   2.3437500000000000e-02   3.9735623704115262e+00   3.9735623704115262e+00   0.0000000000000000e+00
   3.9062500000000000e-02   3.9353179794715372e+00   3.9353179794715372e+00   0.0000000000000000e+00
   5.4687500000000000e-02   3.8784122315795941e+00   3.8784122315795941e+00   0.0000000000000000e+00
   7.0312500000000000e-02   3.8033931601957405e+00   3.8033931601957405e+00   0.0000000000000000e+00
   8.5937500000000000e-02   3.7109832399869989e+00   3.7109832399869989e+00   0.0000000000000000e+00
   1.0156250000000000e-01   3.6020724290013808e+00   3.6020724290013808e+00   0.0000000000000000e+00
   1.1718750000000000e-01   3.4777095978853834e+00   3.4777095978853834e+00   0.0000000000000000e+00
   1.3281250000000000e-01   3.3390924286862909e+00   3.3390924286862909e+00   0.0000000000000000e+00
   1.4843750000000000e-01   3.1875558805193465e+00   3.1875558805193465e+00   0.0000000000000000e+00
   1.6406250000000000e-01   3.0245593331816978e+00   3.0245593331816978e+00   0.0000000000000000e+00
   1.7968750000000000e-01   2.8516725325271857e+00   2.8516725325271857e+00   0.0000000000000000e+00
   1.9531250000000000e-01   2.6705604729556507e+00   2.6705604729556507e+00   0.0000000000000000e+00
   2.1093750000000000e-01   2.4829673626066890e+00   2.4829673626066890e+00   0.0000000000000000e+00
   2.2656250000000000e-01   2.2906998256817874e+00   2.2906998256817874e+00   0.0000000000000000e+00
   2.4218750000000000e-01   2.0956095036656595e+00   2.0956095036656595e+00   0.0000000000000000e+00
   2.5781250000000000e-01   1.8995752230065377e+00   1.8995752230065377e+00   0.0000000000000000e+00
   2.7343750000000000e-01   1.7044849009904097e+00   1.7044849009904097e+00   0.0000000000000000e+00
   2.8906250000000000e-01   1.5122173640655079e+00   1.5122173640655079e+00   0.0000000000000000e+00
   3.0468750000000000e-01   1.3246242537165467e+00   1.3246242537165467e+00   0.0000000000000000e+00
   3.2031250000000000e-01   1.1435121941450115e+00   1.1435121941450115e+00   0.0000000000000000e+00
   3.3593750000000000e-01   9.7062539349049870e-01   9.7062539349049870e-01   0.0000000000000000e+00
   3.5156250000000000e-01   8.0762884615285080e-01   8.0762884615285080e-01   0.0000000000000000e+00
   3.6718750000000000e-01   6.5609229798590529e-01   6.5609229798590529e-01   0.0000000000000000e+00
   3.8281250000000000e-01   5.1747512878681434e-01   5.1747512878681434e-01   0.0000000000000000e+00
   3.9843750000000000e-01   3.9311229767081635e-01   3.9311229767081635e-01   0.0000000000000000e+00
   4.1406250000000000e-01   2.8420148668519823e-01   2.8420148668519823e-01   0.0000000000000000e+00
   4.2968750000000000e-01   1.9179156647645659e-01   1.9179156647645659e-01   0.0000000000000000e+00
   4.4531250000000000e-01   1.1677249509260300e-01   1.1677249509260300e-01   0.0000000000000000e+00
   4.6093750000000000e-01   5.9866747200659209e-02   5.9866747200659209e-02   0.0000000000000000e+00
   4.7656250000000000e-01   2.1622356260671122e-02   2.1622356260671122e-02   0.0000000000000000e+00
   4.9218750000000000e-01   2.4076366639015521e-03   2.4076366639015521e-03   0.0000000000000000e+00
   5.0781250000000000e-01   2.4076366639015283e-03   2.4076366639015283e-03   0.0000000000000000e+00
   5.2343750000000000e-01   2.1622356260671056e-02   2.1622356260671056e-02   0.0000000000000000e+00
   5.3906250000000000e-01   5.9866747200659091e-02   5.9866747200659091e-02   0.0000000000000000e+00
   5.5468750000000000e-01   1.1677249509260283e-01   1.1677249509260283e-01   0.0000000000000000e+00
   5.7031250000000000e-01   1.9179156647645640e-01   1.9179156647645640e-01   0.0000000000000000e+00
   5.8593750000000000e-01   2.8420148668519790e-01   2.8420148668519790e-01   0.0000000000000000e+00
   6.0156250000000000e-01   3.9311229767081607e-01   3.9311229767081607e-01   0.0000000000000000e+00
   6.1718750000000000e-01   5.1747512878681401e-01   5.1747512878681401e-01   0.0000000000000000e+00
   6.3281250000000000e-01   6.5609229798590496e-01   6.5609229798590496e-01   0.0000000000000000e+00
   6.4843750000000000e-01   8.0762884615285113e-01   8.0762884615285113e-01   0.0000000000000000e+00
   6.6406250000000000e-01   9.7062539349049837e-01   9.7062539349049837e-01   0.0000000000000000e+00
   6.7968750000000000e-01   1.1435121941450104e+00   1.1435121941450104e+00   0.0000000000000000e+00
   6.9531250000000000e-01   1.3246242537165467e+00   1.3246242537165467e+00   0.0000000000000000e+00
   7.1093750000000000e-01   1.5122173640655072e+00   1.5122173640655072e+00   0.0000000000000000e+00
   7.2656250000000000e-01   1.7044849009904084e+00   1.7044849009904084e+00   0.0000000000000000e+00
   7.4218750000000000e-01   1.8995752230065377e+00   1.8995752230065377e+00   0.0000000000000000e+00
   7.5781250000000000e-01   2.0956095036656586e+00   2.0956095036656586e+00   0.0000000000000000e+00
   7.7343750000000000e-01   2.2906998256817874e+00   2.2906998256817874e+00   0.0000000000000000e+00
   7.8906250000000000e-01   2.4829673626066890e+00   2.4829673626066890e+00   0.0000000000000000e+00
   8.0468750000000000e-01   2.6705604729556498e+00   2.6705604729556498e+00   0.0000000000000000e+00
   8.2031250000000000e-01   2.8516725325271857e+00   2.8516725325271857e+00   0.0000000000000000e+00
   8.3593750000000000e-01   3.0245593331816973e+00   3.0245593331816973e+00   0.0000000000000000e+00
   8.5156250000000000e-01   3.1875558805193460e+00   3.1875558805193460e+00   0.0000000000000000e+00
   8.6718750000000000e-01   3.3390924286862909e+00   3.3390924286862909e+00   0.0000000000000000e+00
   8.8281250000000000e-01   3.4777095978853825e+00   3.4777095978853825e+00   0.0000000000000000e+00
   8.9843750000000000e-01   3.6020724290013812e+00   3.6020724290013812e+00   0.0000000000000000e+00
   9.1406250000000000e-01   3.7109832399869980e+00   3.7109832399869980e+00   0.0000000000000000e+00
   9.2968750000000000e-01   3.8033931601957400e+00   3.8033931601957400e+00   0.0000000000000000e+00
   9.4531250000000000e-01   3.8784122315795941e+00   3.8784122315795941e+00   0.0000000000000000e+00
   9.6093750000000000e-01   3.9353179794715372e+00   3.9353179794715372e+00   0.0000000000000000e+00
   9.7656250000000000e-01   3.9735623704115253e+00   3.9735623704115253e+00   0.0000000000000000e+00
   9.9218750000000000e-01   3.9927770900082962e+00   3.9927770900082962e+00   0.0000000000000000e+00
