Coord. Numerical Analytical Error
 3.9062500000000000e-03 -9.2693992881935161e-01 -9.2693992881935161e-01 0.0000000000000000e+00
 1.1718750000000000e-02 -1.2468365260245797e+00 -1.2468365260245797e+00 0.0000000000000000e+00
 1.9531250000000000e-02 -1.2135612612180209e+00 -1.2135612612180209e+00 0.0000000000000000e+00
 2.7343750000000000e-02 -7.7412339706534039e-01 -7.7412339706534039e-01 0.0000000000000000e+00
 3.5156250000000000e-02 -9.3239707475926449e-03 -9.3239707475926449e-03 0.0000000000000000e+00
 4.2968750000000000e-02 8.7375873888642319e-01 8.7375873888642319e-01 0.0000000000000000e+00
 5.0781250000000000e-02 1.5971893981945071e+00 1.5971893981945071e+00 0.0000000000000000e+00
 5.8593750000000000e-02 1.9013692447777570e+00 1.9013692447777570e+00 0.0000000000000000e+00
 6.6406250000000000e-02 1.6388426137591496e+00 1.6388426137591496e+00 0.0000000000000000e+00
 7.4218750000000000e-02 8.3819078762005128e-01 8.3819078762005128e-01 0.0000000000000000e+00
 8.2031250000000000e-02 -2.8887890098098246e-01 -2.8887890098098246e-01 0.0000000000000000e+00
 8.9843750000000000e-02 -1.4051843094358405e+00 -1.4051843094358405e+00 0.0000000000000000e+00
 9.7656250000000000e-02 -2.1546223743850339e+00 -2.1546223743850339e+00 0.0000000000000000e+00
 1.0546875000000000e-01 -2.2822538548735651e+00 -2.2822538548735651e+00 0.0000000000000000e+00
 1.1328125000000000e-01 -1.7252858933719197e+00 -1.7252858933719197e+00 0.0000000000000000e+00
 1.2109375000000000e-01 -6.4093475306305192e-01 -6.4093475306305192e-01 0.0000000000000000e+00
 1.2890625000000000e-01 6.4093475306305192e-01 6.4093475306305192e-01 0.0000000000000000e+00
 1.3671875000000000e-01 1.7252858933719197e+00 1.7252858933719197e+00 0.0000000000000000e+00
 1.4453125000000000e-01 2.2822538548735651e+00 2.2822538548735651e+00 0.0000000000000000e+00
 1.5234375000000000e-01 2.1546223743850339e+00 2.1546223743850339e+00 0.0000000000000000e+00
 1.6015625000000000e-01 1.4051843094358405e+00 1.4051843094358405e+00 0.0000000000000000e+00
 1.6796875000000000e-01 2.8887890098098246e-01 2.8887890098098246e-01 0.0000000000000000e+00
 1.7578125000000000e-01 -8.3819078762005128e-01 -8.3819078762005128e-01 0.0000000000000000e+00
 1.8359375000000000e-01 -1.6388426137591496e+00 -1.6388426137591496e+00 0.0000000000000000e+00
 1.9140625000000000e-01 -1.9013692447777570e+00 -1.9013692447777570e+00 0.0000000000000000e+00
 1.9921875000000000e-01 -1.5971893981945071e+00 -1.5971893981945071e+00 0.0000000000000000e+00
 2.0703125000000000e-01 -8.7375873888642319e-01 -8.7375873888642319e-01 0.0000000000000000e+00
 2.1484375000000000e-01 9.3239707475926449e-03 9.3239707475926449e-03 0.0000000000000000e+00
 2.2265625000000000e-01 7.7412339706534039e-01 7.7412339706534039e-01 0.0000000000000000e+00
 2.3046875000000000e-01 1.2135612612180209e+00 1.2135612612180209e+00 0.0000000000000000e+00
 2.3828125000000000e-01 1.2468365260245797e+00 1.2468365260245797e+00 0.0000000000000000e+00
 2.4609375000000000e-01 9.2693992881935161e-01 9.2693992881935161e-01 0.0000000000000000e+00
 2.5390625000000000e-01 4.0427194487145546e-01 4.0427194487145546e-01 0.0000000000000000e+00
 2.6171875000000000e-01 -1.3528587613288409e-01 -1.3528587613288409e-01 0.0000000000000000e+00
 2.6953125000000000e-01 -5.3357578345422640e-01 -5.3357578345422640e-01 0.0000000000000000e+00
 2.7734375000000000e-01 -7.0376704075948315e-01 -7.0376704075948315e-01 0.0000000000000000e+00
 2.8515625000000000e-01 -6.4354500270905979e-01 -6.4354500270905979e-01 0.0000000000000000e+00
 2.9296875000000000e-01 -4.1915818428942753e-01 -4.1915818428942753e-01 0.0000000000000000e+00
 3.0078125000000000e-01 -1.3108589470313523e-01 -1.3108589470313523e-01 0.0000000000000000e+00
 3.0859375000000000e-01 1.2388409143051156e-01 1.2388409143051156e-01 0.0000000000000000e+00
 3.1640625000000000e-01 2.8118972787257540e-01 2.8118972787257540e-01 0.0000000000000000e+00
 3.2421875000000000e-01 3.2051906162070226e-01 3.2051906162070226e-01 0.0000000000000000e+00
 3.3203125000000000e-01 2.6122406616283234e-01 2.6122406616283234e-01 0.0000000000000000e+00
 3.3984375000000000e-01 1.4651644925036433e-01 1.4651644925036433e-01 0.0000000000000000e+00
 3.4765625000000000e-01 2.4241573666861208e-02 2.4241573666861208e-02 0.0000000000000000e+00
 3.5546875000000000e-01 -6.8771284893442086e-02 -6.8771284893442086e-02 0.0000000000000000e+00
 3.6328125000000000e-01 -1.1473632410539429e-01 -1.1473632410539429e-01 0.0000000000000000e+00
 3.7109375000000000e-01 -1.1482345526576830e-01 -1.1482345526576830e-01 0.0000000000000000e+00
 3.7890625000000000e-01 -8.3241918092955128e-02 -8.3241918092955128e-02 0.0000000000000000e+00
 3.8671875000000000e-01 -3.9040379018398561e-02 -3.9040379018398561e-02 0.0000000000000000e+00
 3.9453125000000000e-01 1.1078210265884471e-03 1.1078210265884471e-03 0.0000000000000000e+00
 4.0234375000000000e-01 2.7150546988262154e-02 2.7150546988262154e-02 0.0000000000000000e+00
 4.1015625000000000e-01 3.6513953698970598e-02 3.6513953698970598e-02 0.0000000000000000e+00
 4.1796875000000000e-01 3.2378719360632358e-02 3.2378719360632358e-02 0.0000000000000000e+00
 4.2578125000000000e-01 2.0760722161514564e-02 2.0760722161514564e-02 0.0000000000000000e+00
 4.3359375000000000e-01 7.7157550162977673e-03 7.7157550162977673e-03 0.0000000000000000e+00
 4.4140625000000000e-01 -2.4928383756757629e-03 -2.4928383756757629e-03 0.0000000000000000e+00
 4.4921875000000000e-01 -8.0219347571280492e-03 -8.0219347571280492e-03 0.0000000000000000e+00
 4.5703125000000000e-01 -9.1030520243822657e-03 -9.1030520243822657e-03 0.0000000000000000e+00
 4.6484375000000000e-01 -7.1861868794774134e-03 -7.1861868794774134e-03 0.0000000000000000e+00
 4.7265625000000000e-01 -4.0322524814984531e-03 -4.0322524814984531e-03 0.0000000000000000e+00
 4.8046875000000000e-01 -1.0596659338256245e-03 -1.0596659338256245e-03 0.0000000000000000e+00
 4.8828125000000000e-01 9.4672762464881235e-04 9.4672762464881235e-04 0.0000000000000000e+00
 4.9609375000000000e-01 1.8146607057684700e-03 1.8146607057684700e-03 0.0000000000000000e+00
 5.0390625000000000e-01 1.7825845330178708e-03 1.7825845330178708e-03 0.0000000000000000e+00
 5.1171875000000000e-01 1.2541782466367231e-03 1.2541782466367231e-03 0.0000000000000000e+00
 5.1953125000000000e-01 6.0488044428689939e-04 6.0488044428689939e-04 0.0000000000000000e+00
 5.2734375000000000e-01 7.9853609179093965e-05 7.9853609179093965e-05 0.0000000000000000e+00
 5.3515625000000000e-01 -2.2326966452722793e-04 -2.2326966452722793e-04 0.0000000000000000e+00
 5.4296875000000000e-01 -3.1809594537308874e-04 -3.1809594537308874e-04 0.0000000000000000e+00
 5.5078125000000000e-01 -2.7469981254325121e-04 -2.7469981254325121e-04 0.0000000000000000e+00
 5.5859375000000000e-01 -1.7203629737156390e-04 -1.7203629737156390e-04 0.0000000000000000e+00
 5.6640625000000000e-01 -6.9443367596348616e-05 -6.9443367596348616e-05 0.0000000000000000e+00
 5.7421875000000000e-01 2.4323826030601540e-06 2.4323826030601540e-06 0.0000000000000000e+00
 5.8203125000000000e-01 3.7410732277633756e-05 3.7410732277633756e-05 0.0000000000000000e+00
 5.8984375000000000e-01 4.3844467264293727e-05 4.3844467264293727e-05 0.0000000000000000e+00
 5.9765625000000000e-01 3.4833812084622154e-05 3.4833812084622154e-05 0.0000000000000000e+00
 6.0546875000000000e-01 2.1590078383396966e-05 2.1590078383396966e-05 0.0000000000000000e+00
 6.1328125000000000e-01 1.0489650756972246e-05 1.0489650756972246e-05 0.0000000000000000e+00
 6.2109375000000000e-01 2.9660917522640176e-06 2.9660917522640176e-06 0.0000000000000000e+00
 6.2890625000000000e-01 -2.9660917522640176e-06 -2.9660917522640176e-06 0.0000000000000000e+00
 6.3671875000000000e-01 -1.0489650756972246e-05 -1.0489650756972246e-05 0.0000000000000000e+00
 6.4453125000000000e-01 -2.1590078383396966e-05 -2.1590078383396966e-05 0.0000000000000000e+00
 6.5234375000000000e-01 -3.4833812084622154e-05 -3.4833812084622154e-05 0.0000000000000000e+00
 6.6015625000000000e-01 -4.3844467264293727e-05 -4.3844467264293727e-05 0.0000000000000000e+00
 6.6796875000000000e-01 -3.7410732277633756e-05 -3.7410732277633756e-05 0.0000000000000000e+00
 6.7578125000000000e-01 -2.4323826030601540e-06 -2.4323826030601540e-06 0.0000000000000000e+00
 6.8359375000000000e-01 6.9443367596348616e-05 6.9443367596348616e-05 0.0000000000000000e+00
 6.9140625000000000e-01 1.7203629737156390e-04 1.7203629737156390e-04 0.0000000000000000e+00
 6.9921875000000000e-01 2.7469981254325121e-04 2.7469981254325121e-04 0.0000000000000000e+00
 7.0703125000000000e-01 3.1809594537308874e-04 3.1809594537308874e-04 0.0000000000000000e+00
 7.1484375000000000e-01 2.2326966452722793e-04 2.2326966452722793e-04 0.0000000000000000e+00
 7.2265625000000000e-01 -7.9853609179093965e-05 -7.9853609179093965e-05 0.0000000000000000e+00
 7.3046875000000000e-01 -6.0488044428689939e-04 -6.0488044428689939e-04 0.0000000000000000e+00
 7.3828125000000000e-01 -1.2541782466367231e-03 -1.2541782466367231e-03 0.0000000000000000e+00
 7.4609375000000000e-01 -1.7825845330178708e-03 -1.7825845330178708e-03 0.0000000000000000e+00
 8.7890625000000000e-01 1.1482345526576830e-01 1.1482345526576830e-01 0.0000000000000000e+00
 8.8671875000000000e-01 1.1473632410539429e-01 1.1473632410539429e-01 0.0000000000000000e+00
 8.9453125000000000e-01 6.8771284893442086e-02 6.8771284893442086e-02 0.0000000000000000e+00
 9.0234375000000000e-01 -2.4241573666861208e-02 -2.4241573666861208e-02 0.0000000000000000e+00
 9.1015625000000000e-01 -1.4651644925036433e-01 -1.4651644925036433e-01 0.0000000000000000e+00
 9.1796875000000000e-01 -2.6122406616283234e-01 -2.6122406616283234e-01 0.0000000000000000e+00
 9.2578125000000000e-01 -3.2051906162070226e-01 -3.2051906162070226e-01 0.0000000000000000e+00
 9.3359375000000000e-01 -2.8118972787257540e-01 -2.8118972787257540e-01 0.0000000000000000e+00
 9.4140625000000000e-01 -1.2388409143051156e-01 -1.2388409143051156e-01 0.0000000000000000e+00
 9.4921875000000000e-01 1.3108589470313523e-01 1.3108589470313523e-01 0.0000000000000000e+00
 9.5703125000000000e-01 4.1915818428942753e-01 4.1915818428942753e-01 0.0000000000000000e+00
 9.6484375000000000e-01 6.4354500270905979e-01 6.4354500270905979e-01 0.0000000000000000e+00
 9.7265625000000000e-01 7.0376704075948315e-01 7.0376704075948315e-01 0.0000000000000000e+00
 9.8046875000000000e-01 5.3357578345422640e-01 5.3357578345422640e-01 0.0000000000000000e+00
 9.8828125000000000e-01 1.3528587613288409e-01 1.3528587613288409e-01 0.0000000000000000e+00
 9.9609375000000000e-01 -4.0427194487145546e-01 -4.0427194487145546e-01 0.0000000000000000e+00
 7.5390625000000000e-01 -1.8146607057684700e-03 -1.8146607057684700e-03 0.0000000000000000e+00
 7.6171875000000000e-01 -9.4672762464881235e-04 -9.4672762464881235e-04 0.0000000000000000e+00
 7.6953125000000000e-01 1.0596659338256245e-03 1.0596659338256245e-03 0.0000000000000000e+00
 7.7734375000000000e-01 4.0322524814984531e-03 4.0322524814984531e-03 0.0000000000000000e+00
 7.8515625000000000e-01 7.1861868794774134e-03 7.1861868794774134e-03 0.0000000000000000e+00
 7.9296875000000000e-01 9.1030520243822657e-03 9.1030520243822657e-03 0.0000000000000000e+00
 8.0078125000000000e-01 8.0219347571280492e-03 8.0219347571280492e-03 0.0000000000000000e+00
 8.0859375000000000e-01 2.4928383756757629e-03 2.4928383756757629e-03 0.0000000000000000e+00
 8.1640625000000000e-01 -7.7157550162977673e-03 -7.7157550162977673e-03 0.0000000000000000e+00
 8.2421875000000000e-01 -2.0760722161514564e-02 -2.0760722161514564e-02 0.0000000000000000e+00
 8.3203125000000000e-01 -3.2378719360632358e-02 -3.2378719360632358e-02 0.0000000000000000e+00
 8.3984375000000000e-01 -3.6513953698970598e-02 -3.6513953698970598e-02 0.0000000000000000e+00
 8.4765625000000000e-01 -2.7150546988262154e-02 -2.7150546988262154e-02 0.0000000000000000e+00
 8.5546875000000000e-01 -1.1078210265884471e-03 -1.1078210265884471e-03 0.0000000000000000e+00
 8.6328125000000000e-01 3.9040379018398561e-02 3.9040379018398561e-02 0.0000000000000000e+00
 8.7109375000000000e-01 8.3241918092955128e-02 8.3241918092955128e-02 0.0000000000000000e+00