# Level                         Density
      0                             0.0
      1                             0.0
      2                             0.0
      3                             0.0
      4                         32768.0
      5                        262144.0
      6                       2097152.0
      7                      16777216.0
      8                     134217728.0
      9                    1073741824.0
     10                    8589934592.0
     11                   68719476736.0
