#                  Coord.                Numerical               Analytical                    Error
   3.9062500000000000e-03   2.4520906921703962e-02   2.4533837041064453e-02   1.2930119360491515e-05
   1.1718750000000000e-02   7.3547950534350023e-02   7.3542407206140220e-02   5.5433282098032999e-06
   1.9531250000000000e-02   1.2234612700965998e-01   1.2237380727070230e-01   2.7680261042314913e-05
   2.7343750000000000e-02   1.7087169354120038e-01   1.7091039811486966e-01   3.8704573669279263e-05
   3.5156250000000000e-02   2.1898556563015403e-01   2.1903525083999545e-01   4.9685209841415778e-05
   4.2968750000000000e-02   2.6657182630638665e-01   2.6663242846062563e-01   6.0602154238975636e-05
   5.0781250000000000e-02   3.1351581141211315e-01   3.1358726520685171e-01   7.1453794738551846e-05
   5.8593750000000000e-02   3.5970443046855355e-01   3.5978664276419398e-01   8.2212295640426980e-05
   6.6406250000000000e-02   4.0502637584047357e-01   4.0511926278552934e-01   9.2886945055770109e-05
   7.4218750000000000e-02   4.4937247593798385e-01   4.4947591501855777e-01   1.0343908057391937e-04
   8.2031250000000000e-02   4.9263584802061294e-01   4.9274974040286612e-01   1.1389238225317788e-04
   8.9843750000000000e-02   5.3471229402640630e-01   5.3483648850276400e-01   1.2419447635769743e-04
   9.7656250000000000e-02   5.7550038184688557e-01   5.7563476865571517e-01   1.3438680882960075e-04
   1.0546875000000000e-01   6.1490189366482617e-01   6.1504629423132384e-01   1.4440056649767108e-04
   1.1328125000000000e-01   6.5282182121972754e-01   6.5297611941243638e-01   1.5429819270884604e-04
   1.2109375000000000e-01   6.8916887602957355e-01   6.8933286792793125e-01   1.6399189835769601e-04
   1.2890625000000000e-01   7.2385538499393698e-01   7.2402895318615945e-01   1.7356819222247299e-04
   1.3671875000000000e-01   7.5679787127845344e-01   7.5698078927871582e-01   1.8291800026237759e-04
   1.4453125000000000e-01   7.8791683756133757e-01   7.8810899234621334e-01   1.9215478487577542e-04
   1.5234375000000000e-01   8.1713742567790038e-01   8.1733857182095404e-01   2.0114614305366540e-04
   1.6015625000000000e-01   8.4438907589669376e-01   8.4459911108577423e-01   2.1003518908047081e-04
   1.6796875000000000e-01   8.6960627266154922e-01   8.6982493711384401e-01   2.1866445229479226e-04
   1.7578125000000000e-01   8.9272806947519945e-01   8.9295527868074021e-01   2.2720920554075708e-04
   1.8359375000000000e-01   9.1369892724509882e-01   9.1393441276764942e-01   2.3548552255059363e-04
   1.9140625000000000e-01   9.3246809564335920e-01   9.3271179880300126e-01   2.4370315964206135e-04
   1.9921875000000000e-01   9.4899054966762353e-01   9.4924220041913188e-01   2.5165075150834770e-04
   2.0703125000000000e-01   9.6322621972356848e-01   9.6348579443065574e-01   2.5957470708726227e-04
   2.1484375000000000e-01   9.7514103106129046e-01   9.7540826677200754e-01   2.6723571071707308e-04
   2.2265625000000000e-01   9.8470597627632694e-01   9.8498089516303178e-01   2.7491888670483355e-04
   2.3046875000000000e-01   9.9189826128339242e-01   9.9218061830347148e-01   2.8235702007906038e-04
   2.3828125000000000e-01   9.9670021543846976e-01   9.9699009142965955e-01   2.8987599118979190e-04
   2.4609375000000000e-01   9.9910054667296688e-01   9.9939772809957550e-01   2.9718142660861702e-04
   2.5390625000000000e-01   9.9909308598589308e-01   9.9939772810559691e-01   3.0464211970382404e-04
   2.6171875000000000e-01   9.9667815328911180e-01   9.9699009144770967e-01   3.1193815859786866e-04
   2.6953125000000000e-01   9.9186113458560488e-01   9.9218061833350646e-01   3.1948374790158329e-04
   2.7734375000000000e-01   9.8465395897436103e-01   9.8498089520497967e-01   3.2693623061863519e-04
   2.8515625000000000e-01   9.7507350839493268e-01   9.7540826682576698e-01   3.3475843083430323e-04
   2.9296875000000000e-01   9.6314320510700158e-01   9.6348579449609717e-01   3.4258938909559333e-04
   3.0078125000000000e-01   9.4889125541193220e-01   9.4924220049609775e-01   3.5094508416555481e-04
   3.0859375000000000e-01   9.3235234574386394e-01   9.3271179889130629e-01   3.5945314744234569e-04
   3.1640625000000000e-01   9.1356572322923746e-01   9.1393441286708077e-01   3.6868963784331132e-04
   3.2421875000000000e-01   8.9257699726428796e-01   8.9295527879105796e-01   3.7828152676999682e-04
   3.3203125000000000e-01   8.6943606106246751e-01   8.6982493723478305e-01   3.8887617231553318e-04
   3.3984375000000000e-01   8.4419899414907440e-01   8.4459911121704301e-01   4.0011706796860835e-04
   3.4765625000000000e-01   8.1692583001145880e-01   8.1733857196223603e-01   4.1274195077722897e-04
   3.5546875000000000e-01   7.8768255307109769e-01   7.8810899249716848e-01   4.2643942607079044e-04
   3.6328125000000000e-01   7.5653871782350612e-01   7.5698078943898039e-01   4.4207161547427098e-04
   3.7109375000000000e-01   7.2356953092043064e-01   7.2402895335534712e-01   4.5942243491647883e-04
   3.7890625000000000e-01   6.8885332583053005e-01   6.8933286810563466e-01   4.7954227510460523e-04
   3.8671875000000000e-01   6.5247371492191264e-01   6.5297611959822732e-01   5.0240467631468277e-04
   3.9453125000000000e-01   6.1451691804439867e-01   6.1504629442475489e-01   5.2937638035621681e-04
   4.0234375000000000e-01   5.7507395550716189e-01   5.7563476885632037e-01   5.6081334915847325e-04
   4.1015625000000000e-01   5.3423781060703002e-01   5.3483648871005962e-01   5.9867810302960400e-04
   4.1796875000000000e-01   4.9210559278864541e-01   4.9274974061635324e-01   6.4414782770783052e-04
   4.2578125000000000e-01   4.4877545164913479e-01   4.4947591523772207e-01   7.0046358858727453e-04
   4.3359375000000000e-01   4.0434848679224450e-01   4.0511926300984241e-01   7.7077621759791271e-04
   4.4140625000000000e-01   3.5892508749296809e-01   3.5978664299311586e-01   8.6155550014777038e-04
   4.4921875000000000e-01   3.1260561623688560e-01   3.1358726543983051e-01   9.8164920294491198e-04
   4.5703125000000000e-01   2.6548502619431852e-01   2.6663242869710058e-01   1.1474025027820578e-03
   4.6484375000000000e-01   2.1764397095653323e-01   2.1903525107939675e-01   1.3912801228635197e-03
   4.7265625000000000e-01   1.6759885198482524e-01   1.7091039835662014e-01   3.3115463717948990e-03
   4.8046875000000000e-01   1.2010309333884944e-01   1.2237380751422003e-01   2.2707141753705862e-03
   4.8828125000000000e-01   4.4590558121453149e-02   7.3542407450838523e-02   2.8951849329385375e-02
   4.9609375000000000e-01   4.3569946423919627e-02   2.4533837286353416e-02   1.9036109137566211e-02
   5.0390625000000000e-01  -4.3569946318117871e-02  -2.4533837041064432e-02   1.9036109277053438e-02
   5.1171875000000000e-01  -4.4590557784607264e-02  -7.3542407206140470e-02   2.8951849421533206e-02
   5.1953125000000000e-01  -1.2010309308877495e-01  -1.2237380727070238e-01   2.2707141819274246e-03
   5.2734375000000000e-01  -1.6759885174428843e-01  -1.7091039811486958e-01   3.3115463705811476e-03
   5.3515625000000000e-01  -2.1764397071563299e-01  -2.1903525083999567e-01   1.3912801243626816e-03
   5.4296875000000000e-01  -2.6548502595686213e-01  -2.6663242846062568e-01   1.1474025037635505e-03
   5.5078125000000000e-01  -3.1260561600320808e-01  -3.1358726520685148e-01   9.8164920364340880e-04
   5.5859375000000000e-01  -3.5892508726352890e-01  -3.5978664276419409e-01   8.6155550066518982e-04
   5.6640625000000000e-01  -4.0434848656753430e-01  -4.0511926278552929e-01   7.7077621799498397e-04
   5.7421875000000000e-01  -4.4877545142965763e-01  -4.4947591501855805e-01   7.0046358890041294e-04
   5.8203125000000000e-01  -4.9210559257490627e-01  -4.9274974040286618e-01   6.4414782795990666e-04
   5.8984375000000000e-01  -5.3423781039952745e-01  -5.3483648850276400e-01   5.9867810323654957e-04
   5.9765625000000000e-01  -5.7507395530638450e-01  -5.7563476865571539e-01   5.6081334933089089e-04
   6.0546875000000000e-01  -6.1451691785082219e-01  -6.1504629423132395e-01   5.2937638050176705e-04
   6.1328125000000000e-01  -6.5247371473599758e-01  -6.5297611941243627e-01   5.0240467643869469e-04
   6.2109375000000000e-01  -6.8885332565271973e-01  -6.8933286792793136e-01   4.7954227521163073e-04
   6.2890625000000000e-01  -7.2356953075114949e-01  -7.2402895318615945e-01   4.5942243500995961e-04
   6.3671875000000000e-01  -7.5653871766315950e-01  -7.5698078927871548e-01   4.4207161555598340e-04
   6.4453125000000000e-01  -7.8768255292006972e-01  -7.8810899234621290e-01   4.2643942614317698e-04
   6.5234375000000000e-01  -8.1692582987011120e-01  -8.1733857182095404e-01   4.1274195084284315e-04
   6.6015625000000000e-01  -8.4419899401774656e-01  -8.4459911108577423e-01   4.0011706802767222e-04
   6.6796875000000000e-01  -8.6943606094147441e-01  -8.6982493711384390e-01   3.8887617236949001e-04
   6.7578125000000000e-01  -8.9257699715391947e-01  -8.9295527868073998e-01   3.7828152682051197e-04
   6.8359375000000000e-01  -9.1356572312975892e-01  -9.1393441276764908e-01   3.6868963789016274e-04
   6.9140625000000000e-01  -9.3235234565551461e-01  -9.3271179880300126e-01   3.5945314748664359e-04
   6.9921875000000000e-01  -9.4889125533492413e-01  -9.4924220041913177e-01   3.5094508420763226e-04
   7.0703125000000000e-01  -9.6314320504151973e-01  -9.6348579443065563e-01   3.4258938913589443e-04
   7.1484375000000000e-01  -9.7507350834113393e-01  -9.7540826677200743e-01   3.3475843087349411e-04
   7.2265625000000000e-01  -9.8465395893237495e-01  -9.8498089516303167e-01   3.2693623065671584e-04
   7.3046875000000000e-01  -9.9186113455553215e-01  -9.9218061830347148e-01   3.1948374793933088e-04
   7.3828125000000000e-01  -9.9667815327102449e-01  -9.9699009142965955e-01   3.1193815863506114e-04
   7.4609375000000000e-01  -9.9909308597983471e-01  -9.9939772809957550e-01   3.0464211974079447e-04
   8.7890625000000000e-01  -6.8916887620722933e-01  -6.8933286810563510e-01   1.6399189840576867e-04
   8.8671875000000000e-01  -6.5282182140547007e-01  -6.5297611959822810e-01   1.5429819275802892e-04
   8.9453125000000000e-01  -6.1490189385820737e-01  -6.1504629442475567e-01   1.4440056654829725e-04
   9.0234375000000000e-01  -5.7550038204744003e-01  -5.7563476885632048e-01   1.3438680888044896e-04
   9.1015625000000000e-01  -5.3471229423365119e-01  -5.3483648871006018e-01   1.2419447640898973e-04
   9.1796875000000000e-01  -4.9263584823404855e-01  -4.9274974061635374e-01   1.1389238230519183e-04
   9.2578125000000000e-01  -4.4937247615709619e-01  -4.4947591523772257e-01   1.0343908062637741e-04
   9.3359375000000000e-01  -4.0502637606473418e-01  -4.0511926300984336e-01   9.2886945109171837e-05
   9.4140625000000000e-01  -3.5970443069742186e-01  -3.5978664299311597e-01   8.2212295694106263e-05
   9.4921875000000000e-01  -3.1351581164503822e-01  -3.1358726543983106e-01   7.1453794792841752e-05
   9.5703125000000000e-01  -2.6657182654280731e-01  -2.6663242869710113e-01   6.0602154293820654e-05
   9.6484375000000000e-01  -2.1898556586950083e-01  -2.1903525107939731e-01   4.9685209896482840e-05
   9.7265625000000000e-01  -1.7087169378289674e-01  -1.7091039835662114e-01   3.8704573724401836e-05
   9.8046875000000000e-01  -1.2234612725312312e-01  -1.2237380751422015e-01   2.7680261097035030e-05
   9.8828125000000000e-01  -7.3547950779066923e-02  -7.3542407450838648e-02   5.5433282282746354e-06
   9.9609375000000000e-01  -2.4520907166863757e-02  -2.4533837286353982e-02   1.2930119490224545e-05
   7.5390625000000000e-01  -9.9910054667895154e-01  -9.9939772810559691e-01   2.9718142664536540e-04
   7.6171875000000000e-01  -9.9670021545648269e-01  -9.9699009144770967e-01   2.8987599122698438e-04
   7.6953125000000000e-01  -9.9189826131339054e-01  -9.9218061833350657e-01   2.8235702011603081e-04
   7.7734375000000000e-01  -9.8470597631823686e-01  -9.8498089520497967e-01   2.7491888674280318e-04
   7.8515625000000000e-01  -9.7514103111501160e-01  -9.7540826682576698e-01   2.6723571075537578e-04
   7.9296875000000000e-01  -9.6322621978897116e-01  -9.6348579449609728e-01   2.5957470712612007e-04
   8.0078125000000000e-01  -9.4899054974454977e-01  -9.4924220049609798e-01   2.5165075154820471e-04
   8.0859375000000000e-01  -9.3246809573162370e-01  -9.3271179889130662e-01   2.4370315968291756e-04
   8.1640625000000000e-01  -9.1369892734448854e-01  -9.1393441286708066e-01   2.3548552259211597e-04
   8.2421875000000000e-01  -8.9272806958547490e-01  -8.9295527879105829e-01   2.2720920558338964e-04
   8.3203125000000000e-01  -8.6960627278244496e-01  -8.6982493723478327e-01   2.1866445233831300e-04
   8.3984375000000000e-01  -8.4438907602791857e-01  -8.4459911121704334e-01   2.1003518912476871e-04
   8.4765625000000000e-01  -8.1713742581913806e-01  -8.1733857196223658e-01   2.0114614309851842e-04
   8.5546875000000000e-01  -7.8791683771224752e-01  -7.8810899249716859e-01   1.9215478492107252e-04
   8.6328125000000000e-01  -7.5679787143867150e-01  -7.5698078943898051e-01   1.8291800030900696e-04
   8.7109375000000000e-01  -7.2385538516307746e-01  -7.2402895335534745e-01   1.7356819226999054e-04
