#                  Coord.                Numerical               Analytical                    Error
   3.9062500000000000e-03   3.9981931843077589e+00   3.9981931843077589e+00   0.0000000000000000e+00
   1.1718750000000000e-02   3.9933779109799556e+00   3.9933779109799556e+00   0.0000000000000000e+00
   1.9531250000000000e-02   3.9837589647395641e+00   3.9837589647395641e+00   0.0000000000000000e+00
   2.7343750000000000e-02   3.9693595184705979e+00   3.9693595184705979e+00   0.0000000000000000e+00
   3.5156250000000000e-02   3.9502142617003608e+00   3.9502142617003608e+00   0.0000000000000000e+00
   4.2968750000000000e-02   3.9263693170293386e+00   3.9263693170293386e+00   0.0000000000000000e+00
   5.0781250000000000e-02   3.8978821290178161e+00   3.8978821290178161e+00   0.0000000000000000e+00
   5.8593750000000000e-02   3.8648213257968935e+00   3.8648213257968935e+00   0.0000000000000000e+00
   6.6406250000000000e-02   3.8272665537373163e+00   3.8272665537373163e+00   0.0000000000000000e+00
   7.4218750000000000e-02   3.7853082855743847e+00   3.7853082855743847e+00   0.0000000000000000e+00
   8.2031250000000000e-02   3.7390476024512136e+00   3.7390476024512136e+00   0.0000000000000000e+00
   8.9843750000000000e-02   3.6885959504054031e+00   3.6885959504054031e+00   0.0000000000000000e+00
   9.7656250000000000e-02   3.6340748718857760e+00   3.6340748718857760e+00   0.0000000000000000e+00
   1.0546875000000000e-01   3.5756157129459685e+00   3.5756157129459685e+00   0.0000000000000000e+00
   1.1328125000000000e-01   3.5133593068202824e+00   3.5133593068202824e+00   0.0000000000000000e+00
   1.2109375000000000e-01   3.4474556346440934e+00   3.4474556346440934e+00   0.0000000000000000e+00
   1.2890625000000000e-01   3.3780634641361522e+00   3.3780634641361522e+00   0.0000000000000000e+00
   1.3671875000000000e-01   3.3053499671132505e+00   3.3053499671132505e+00   0.0000000000000000e+00
   1.4453125000000000e-01   3.2294903167586648e+00   3.2294903167586648e+00   0.0000000000000000e+00
   1.5234375000000000e-01   3.1506672656146222e+00   3.1506672656146222e+00   0.0000000000000000e+00
   1.6015625000000000e-01   3.0690707053154105e+00   3.0690707053154105e+00   0.0000000000000000e+00
   1.6796875000000000e-01   2.9848972091218058e+00   2.9848972091218058e+00   0.0000000000000000e+00
   1.7578125000000000e-01   2.8983495583588663e+00   2.8983495583588663e+00   0.0000000000000000e+00
   1.8359375000000000e-01   2.8096362538979580e+00   2.8096362538979580e+00   0.0000000000000000e+00
   1.9140625000000000e-01   2.7189710138598961e+00   2.7189710138598961e+00   0.0000000000000000e+00
   1.9921875000000000e-01   2.6265722587492690e+00   2.6265722587492690e+00   0.0000000000000000e+00
   2.0703125000000000e-01   2.5326625852603124e+00   2.5326625852603124e+00   0.0000000000000000e+00
   2.1484375000000000e-01   2.4374682300219783e+00   2.4374682300219783e+00   0.0000000000000000e+00
   2.2265625000000000e-01   2.3412185245740762e+00   2.3412185245740762e+00   0.0000000000000000e+00
   2.3046875000000000e-01   2.2441453428875082e+00   2.2441453428875082e+00   0.0000000000000000e+00
   2.3828125000000000e-01   2.1464825427595651e+00   2.1464825427595651e+00   0.0000000000000000e+00
   2.4609375000000000e-01   2.0484654024300042e+00   2.0484654024300042e+00   0.0000000000000000e+00
   2.5390625000000000e-01   1.9503300537751684e+00   1.9503300537751684e+00   0.0000000000000000e+00
   2.6171875000000000e-01   1.8523129134456080e+00   1.8523129134456080e+00   0.0000000000000000e+00
   2.6953125000000000e-01   1.7546501133176637e+00   1.7546501133176637e+00   0.0000000000000000e+00
   2.7734375000000000e-01   1.6575769316310960e+00   1.6575769316310960e+00   0.0000000000000000e+00
   2.8515625000000000e-01   1.5613272261831943e+00   1.5613272261831943e+00   0.0000000000000000e+00
   2.9296875000000000e-01   1.4661328709448602e+00   1.4661328709448602e+00   0.0000000000000000e+00
   3.0078125000000000e-01   1.3722231974559040e+00   1.3722231974559040e+00   0.0000000000000000e+00
   3.0859375000000000e-01   1.2798244423452763e+00   1.2798244423452763e+00   0.0000000000000000e+00
   3.1640625000000000e-01   1.1891592023072146e+00   1.1891592023072146e+00   0.0000000000000000e+00
   3.2421875000000000e-01   1.1004458978463061e+00   1.1004458978463061e+00   0.0000000000000000e+00
   3.3203125000000000e-01   1.0138982470833671e+00   1.0138982470833671e+00   0.0000000000000000e+00
   3.3984375000000000e-01   9.2972475088976259e-01   9.2972475088976259e-01   0.0000000000000000e+00
   3.4765625000000000e-01   8.4812819059055067e-01   8.4812819059055067e-01   0.0000000000000000e+00
   3.5546875000000000e-01   7.6930513944650769e-01   7.6930513944650769e-01   0.0000000000000000e+00
   3.6328125000000000e-01   6.9344548909192261e-01   6.9344548909192261e-01   0.0000000000000000e+00
   3.7109375000000000e-01   6.2073199206902030e-01   6.2073199206902030e-01   0.0000000000000000e+00
   3.7890625000000000e-01   5.5133982156107975e-01   5.5133982156107975e-01   0.0000000000000000e+00
   3.8671875000000000e-01   4.8543614938488999e-01   4.8543614938488999e-01   0.0000000000000000e+00
   3.9453125000000000e-01   4.2317974325920438e-01   4.2317974325920438e-01   0.0000000000000000e+00
   4.0234375000000000e-01   3.6472058431939625e-01   3.6472058431939625e-01   0.0000000000000000e+00
   4.1015625000000000e-01   3.1019950579976885e-01   3.1019950579976885e-01   0.0000000000000000e+00
   4.1796875000000000e-01   2.5974785375395920e-01   2.5974785375395920e-01   0.0000000000000000e+00
   4.2578125000000000e-01   2.1348717063078812e-01   2.1348717063078812e-01   0.0000000000000000e+00
   4.3359375000000000e-01   1.7152890246785615e-01   1.7152890246785615e-01   0.0000000000000000e+00
   4.4140625000000000e-01   1.3397413040827880e-01   1.3397413040827880e-01   0.0000000000000000e+00
   4.4921875000000000e-01   1.0091332718735650e-01   1.0091332718735650e-01   0.0000000000000000e+00
   4.5703125000000000e-01   7.2426139175833376e-02   7.2426139175833376e-02   0.0000000000000000e+00
   4.6484375000000000e-01   4.8581194504811867e-02   4.8581194504811867e-02   0.0000000000000000e+00
   4.7265625000000000e-01   2.9435937734574771e-02   2.9435937734574771e-02   0.0000000000000000e+00
   4.8046875000000000e-01   1.5036491465608374e-02   1.5036491465608374e-02   0.0000000000000000e+00
   4.8828125000000000e-01   5.4175452252169624e-03   5.4175452252169624e-03   0.0000000000000000e+00
   4.9609375000000000e-01   6.0227189741380552e-04   6.0227189741380552e-04   0.0000000000000000e+00
   5.0390625000000000e-01   6.0227189741379349e-04   6.0227189741379349e-04   0.0000000000000000e+00
   5.1171875000000000e-01   5.4175452252169277e-03   5.4175452252169277e-03   0.0000000000000000e+00
   5.1953125000000000e-01   1.5036491465608311e-02   1.5036491465608311e-02   0.0000000000000000e+00
   5.2734375000000000e-01   2.9435937734574681e-02   2.9435937734574681e-02   0.0000000000000000e+00
   5.3515625000000000e-01   4.8581194504811756e-02   4.8581194504811756e-02   0.0000000000000000e+00
   5.4296875000000000e-01   7.2426139175833251e-02   7.2426139175833251e-02   0.0000000000000000e+00
   5.5078125000000000e-01   1.0091332718735635e-01   1.0091332718735635e-01   0.0000000000000000e+00
   5.5859375000000000e-01   1.3397413040827860e-01   1.3397413040827860e-01   0.0000000000000000e+00
   5.6640625000000000e-01   1.7152890246785599e-01   1.7152890246785599e-01   0.0000000000000000e+00
   5.7421875000000000e-01   2.1348717063078790e-01   2.1348717063078790e-01   0.0000000000000000e+00
   5.8203125000000000e-01   2.5974785375395898e-01   2.5974785375395898e-01   0.0000000000000000e+00
   5.8984375000000000e-01   3.1019950579976863e-01   3.1019950579976863e-01   0.0000000000000000e+00
   5.9765625000000000e-01   3.6472058431939608e-01   3.6472058431939608e-01   0.0000000000000000e+00
   6.0546875000000000e-01   4.2317974325920410e-01   4.2317974325920410e-01   0.0000000000000000e+00
   6.1328125000000000e-01   4.8543614938488977e-01   4.8543614938488977e-01   0.0000000000000000e+00
   6.2109375000000000e-01   5.5133982156107930e-01   5.5133982156107930e-01   0.0000000000000000e+00
   6.2890625000000000e-01   6.2073199206902008e-01   6.2073199206902008e-01   0.0000000000000000e+00
   6.3671875000000000e-01   6.9344548909192161e-01   6.9344548909192161e-01   0.0000000000000000e+00
   6.4453125000000000e-01   7.6930513944650669e-01   7.6930513944650669e-01   0.0000000000000000e+00
   6.5234375000000000e-01   8.4812819059055089e-01   8.4812819059055089e-01   0.0000000000000000e+00
   6.6015625000000000e-01   9.2972475088976214e-01   9.2972475088976214e-01   0.0000000000000000e+00
   6.6796875000000000e-01   1.0138982470833666e+00   1.0138982470833666e+00   0.0000000000000000e+00
   6.7578125000000000e-01   1.1004458978463059e+00   1.1004458978463059e+00   0.0000000000000000e+00
   6.8359375000000000e-01   1.1891592023072133e+00   1.1891592023072133e+00   0.0000000000000000e+00
   6.9140625000000000e-01   1.2798244423452767e+00   1.2798244423452767e+00   0.0000000000000000e+00
   6.9921875000000000e-01   1.3722231974559040e+00   1.3722231974559040e+00   0.0000000000000000e+00
   7.0703125000000000e-01   1.4661328709448598e+00   1.4661328709448598e+00   0.0000000000000000e+00
   7.1484375000000000e-01   1.5613272261831934e+00   1.5613272261831934e+00   0.0000000000000000e+00
   7.2265625000000000e-01   1.6575769316310951e+00   1.6575769316310951e+00   0.0000000000000000e+00
   7.3046875000000000e-01   1.7546501133176644e+00   1.7546501133176644e+00   0.0000000000000000e+00
   7.3828125000000000e-01   1.8523129134456076e+00   1.8523129134456076e+00   0.0000000000000000e+00
   7.4609375000000000e-01   1.9503300537751680e+00   1.9503300537751680e+00   0.0000000000000000e+00
   8.7890625000000000e-01   3.4474556346440921e+00   3.4474556346440921e+00   0.0000000000000000e+00
   8.8671875000000000e-01   3.5133593068202815e+00   3.5133593068202815e+00   0.0000000000000000e+00
   8.9453125000000000e-01   3.5756157129459676e+00   3.5756157129459676e+00   0.0000000000000000e+00
   9.0234375000000000e-01   3.6340748718857760e+00   3.6340748718857760e+00   0.0000000000000000e+00
   9.1015625000000000e-01   3.6885959504054036e+00   3.6885959504054036e+00   0.0000000000000000e+00
   9.1796875000000000e-01   3.7390476024512136e+00   3.7390476024512136e+00   0.0000000000000000e+00
   9.2578125000000000e-01   3.7853082855743838e+00   3.7853082855743838e+00   0.0000000000000000e+00
   9.3359375000000000e-01   3.8272665537373167e+00   3.8272665537373167e+00   0.0000000000000000e+00
   9.4140625000000000e-01   3.8648213257968935e+00   3.8648213257968935e+00   0.0000000000000000e+00
   9.4921875000000000e-01   3.8978821290178161e+00   3.8978821290178161e+00   0.0000000000000000e+00
   9.5703125000000000e-01   3.9263693170293390e+00   3.9263693170293390e+00   0.0000000000000000e+00
   9.6484375000000000e-01   3.9502142617003608e+00   3.9502142617003608e+00   0.0000000000000000e+00
   9.7265625000000000e-01   3.9693595184705970e+00   3.9693595184705970e+00   0.0000000000000000e+00
   9.8046875000000000e-01   3.9837589647395641e+00   3.9837589647395641e+00   0.0000000000000000e+00
   9.8828125000000000e-01   3.9933779109799556e+00   3.9933779109799556e+00   0.0000000000000000e+00
   9.9609375000000000e-01   3.9981931843077589e+00   3.9981931843077589e+00   0.0000000000000000e+00
   7.5390625000000000e-01   2.0484654024300037e+00   2.0484654024300037e+00   0.0000000000000000e+00
   7.6171875000000000e-01   2.1464825427595642e+00   2.1464825427595642e+00   0.0000000000000000e+00
   7.6953125000000000e-01   2.2441453428875073e+00   2.2441453428875073e+00   0.0000000000000000e+00
   7.7734375000000000e-01   2.3412185245740762e+00   2.3412185245740762e+00   0.0000000000000000e+00
   7.8515625000000000e-01   2.4374682300219783e+00   2.4374682300219783e+00   0.0000000000000000e+00
   7.9296875000000000e-01   2.5326625852603124e+00   2.5326625852603124e+00   0.0000000000000000e+00
   8.0078125000000000e-01   2.6265722587492681e+00   2.6265722587492681e+00   0.0000000000000000e+00
   8.0859375000000000e-01   2.7189710138598953e+00   2.7189710138598953e+00   0.0000000000000000e+00
   8.1640625000000000e-01   2.8096362538979585e+00   2.8096362538979585e+00   0.0000000000000000e+00
   8.2421875000000000e-01   2.8983495583588663e+00   2.8983495583588663e+00   0.0000000000000000e+00
   8.3203125000000000e-01   2.9848972091218049e+00   2.9848972091218049e+00   0.0000000000000000e+00
   8.3984375000000000e-01   3.0690707053154096e+00   3.0690707053154096e+00   0.0000000000000000e+00
   8.4765625000000000e-01   3.1506672656146217e+00   3.1506672656146217e+00   0.0000000000000000e+00
   8.5546875000000000e-01   3.2294903167586657e+00   3.2294903167586657e+00   0.0000000000000000e+00
   8.6328125000000000e-01   3.3053499671132505e+00   3.3053499671132505e+00   0.0000000000000000e+00
   8.7109375000000000e-01   3.3780634641361518e+00   3.3780634641361518e+00   0.0000000000000000e+00
