#                  Coord.                Numerical               Analytical                    Error
   3.9062500000000000e-03   1.9980429963201645e+00   1.9993977281055968e+00   1.3547317854323282e-03
   1.1718750000000000e-02   1.9968394499790214e+00   1.9969900914477097e+00   1.5064146868826178e-04
   1.9531250000000000e-02   1.9914289226335349e+00   1.9921806183335065e+00   7.5169569997157737e-04
   2.7343750000000000e-02   1.9842302982632152e+00   1.9849808952049797e+00   7.5059694176449199e-04
   3.5156250000000000e-02   1.9746590961043535e+00   1.9754082668257669e+00   7.4917072141333918e-04
   4.2968750000000000e-02   1.9627384432725266e+00   1.9634857944960973e+00   7.4735122357072470e-04
   5.0781250000000000e-02   1.9484969714102249e+00   1.9492422004960979e+00   7.4522908587293379e-04
   5.8593750000000000e-02   1.9319690925129820e+00   1.9327117988913063e+00   7.4270637832429820e-04
   6.6406250000000000e-02   1.9131945040976561e+00   1.9139344128670808e+00   7.3990876942464645e-04
   7.4218750000000000e-02   1.8922185716334476e+00   1.8929552787910582e+00   7.3670715761053884e-04
   8.2031250000000000e-02   1.8690916762025611e+00   1.8698249372347830e+00   7.3326103222193240e-04
   8.9843750000000000e-02   1.8438696998536486e+00   1.8445991112170430e+00   7.2941136339443879e-04
   9.7656250000000000e-02   1.8166132220365809e+00   1.8173385719622361e+00   7.2534992565520540e-04
   1.0546875000000000e-01   1.7873881032048391e+00   1.7881089924971687e+00   7.2088929232960730e-04
   1.1328125000000000e-01   1.7562645377623329e+00   1.7569807894389804e+00   7.1625167664746137e-04
   1.2109375000000000e-01   1.7233177302952494e+00   1.7240289533553472e+00   7.1122306009785419e-04
   1.2890625000000000e-01   1.6886268141505334e+00   1.6893328681056348e+00   7.0605395510137114e-04
   1.3671875000000000e-01   1.6522756137858348e+00   1.6529761195982275e+00   7.0050581239278209e-04
   1.4453125000000000e-01   1.6143514393930836e+00   1.6150462944247550e+00   6.9485503167143747e-04
   1.5234375000000000e-01   1.5749459280260401e+00   1.5756347688563204e+00   6.8884083028031284e-04
   1.6015625000000000e-01   1.5341537258759019e+00   1.5348364887100598e+00   6.8276283415791283e-04
   1.6796875000000000e-01   1.4920734000775662e+00   1.4927497406163535e+00   6.7634053878729006e-04
   1.7578125000000000e-01   1.4488060213258627e+00   1.4494759152377221e+00   6.6989391185945379e-04
   1.8359375000000000e-01   1.4044561375812867e+00   1.4051192630098426e+00   6.6312542855584411e-04
   1.9140625000000000e-01   1.3591302706748674e+00   1.3597866429931160e+00   6.5637231824866582e-04
   1.9921875000000000e-01   1.3129379425384033e+00   1.3135872654398308e+00   6.4932290142749594e-04
   2.0703125000000000e-01   1.2659901002738208e+00   1.2666324286971007e+00   6.4232842327993644e-04
   2.1484375000000000e-01   1.2184001850276518e+00   1.2190352510793967e+00   6.3506605174490360e-04
   2.2265625000000000e-01   1.1702825006889939e+00   1.1709103983566205e+00   6.2789766762660904e-04
   2.3046875000000000e-01   1.1217533151180494e+00   1.1223738075142202e+00   6.2049239617079088e-04
   2.3828125000000000e-01   1.0729291881786960e+00   1.0735424074508384e+00   6.1321927214241789e-04
   2.4609375000000000e-01   1.0239280947204752e+00   1.0245338372863535e+00   6.0574256587830888e-04
   2.5390625000000000e-01   9.7486772804188226e-01   9.7546616295893573e-01   5.9843491705346974e-04
   2.6171875000000000e-01   9.2586663381753720e-01   9.2645759279385986e-01   5.9095897632266414e-04
   2.6953125000000000e-01   8.7704250532237282e-01   8.7762619272929776e-01   5.8368740692493759e-04
   2.7734375000000000e-01   8.2851331739346490e-01   8.2908960188513037e-01   5.7628449166546858e-04
   2.8515625000000000e-01   7.8039562982016719e-01   7.8096474916000469e-01   5.6911933983749829e-04
   2.9296875000000000e-01   7.3280571043544673e-01   7.3336757153937449e-01   5.6186110392775213e-04
   3.0078125000000000e-01   6.8585786298999951e-01   6.8641273479314835e-01   5.5487180314883755e-04
   3.0859375000000000e-01   6.3966552858364112e-01   6.4021335723580597e-01   5.4782865216485011e-04
   3.1640625000000000e-01   5.9433965408897627e-01   5.9488073721447088e-01   5.4108312549461246e-04
   3.2421875000000000e-01   5.4998976136464306e-01   5.5052408498144190e-01   5.3432361679883744e-04
   3.3203125000000000e-01   5.0672237186821967e-01   5.0725025959713377e-01   5.2788772891410041e-04
   3.3984375000000000e-01   4.6464203345332933e-01   4.6516351149723589e-01   5.2147804390656471e-04
   3.4765625000000000e-01   4.2384981618958317e-01   4.2436523134428461e-01   5.1541515470143739e-04
   3.5546875000000000e-01   3.8444428707296918e-01   3.8495370576867605e-01   5.0941869570686471e-04
   3.6328125000000000e-01   3.4652009118457094e-01   3.4702388058756362e-01   5.0378940299267150e-04
   3.7109375000000000e-01   3.1016886545569994e-01   3.1066713207206853e-01   4.9826661636859226e-04
   3.7890625000000000e-01   2.7547791792583065e-01   2.7597104681384055e-01   4.9312888800989718e-04
   3.8671875000000000e-01   2.4253107319753583e-01   2.4301921072128396e-01   4.8813752374812780e-04
   3.9453125000000000e-01   2.1140745989760332e-01   2.1189100765378655e-01   4.8354775618322798e-04
   4.0234375000000000e-01   1.8218228417685822e-01   1.8266142817904596e-01   4.7914400218773689e-04
   4.1015625000000000e-01   1.5492572811194905e-01   1.5540088891422554e-01   4.7516080227649748e-04
   4.1796875000000000e-01   1.2970366091740756e-01   1.3017506288615588e-01   4.7140196874831397e-04
   4.2578125000000000e-01   1.0657661997200016e-01   1.0704472131925979e-01   4.6810134725963626e-04
   4.3359375000000000e-01   8.5600540090684796e-02   8.6065587232350471e-02   4.6504714166567540e-04
   4.4140625000000000e-01   6.6825569153750541e-02   6.7288201196998743e-02   4.6263204324820117e-04
   4.4921875000000000e-01   5.0297553846849349e-02   5.0757799580868013e-02   4.6024573401866331e-04
   4.5703125000000000e-01   3.6051246711032547e-02   3.6514205569344149e-02   4.6295885831160177e-04
   4.6484375000000000e-01   2.4137209944427258e-02   2.4591733227992463e-02   4.5452328356520438e-04
   4.7265625000000000e-01   2.6987763339052791e-02   1.5019104836968111e-02   1.1968658502084679e-02
   4.8046875000000000e-01  -1.4983347573814811e-03   7.8193816965285157e-03   9.3177164539099966e-03
   4.8828125000000000e-01  -2.0477275560383944e-02   3.0099085703404471e-03   2.3487184130724391e-02
   4.9609375000000000e-01   2.2567596959320091e-02   6.0227190042450029e-04   2.1965325058895591e-02
   5.0390625000000000e-01   2.2567596897085485e-02   6.0227189440309470e-04   2.1965325002682390e-02
   5.1171875000000000e-01  -2.0477275412774436e-02   3.0099085522904412e-03   2.3487183965064877e-02
   5.1953125000000000e-01  -1.4983347692067764e-03   7.8193816664935412e-03   9.3177164357003180e-03
   5.2734375000000000e-01   2.6987763279441589e-02   1.5019104795020333e-02   1.1968658484421257e-02
   5.3515625000000000e-01   2.4137209890712469e-02   2.4591733174233132e-02   4.5452328352066362e-04
   5.4296875000000000e-01   3.6051246645544759e-02   3.6514205503902830e-02   4.6295885835807155e-04
   5.5078125000000000e-01   5.0297553769893463e-02   5.0757799503902246e-02   4.6024573400878233e-04
   5.5859375000000000e-01   6.6825569065456683e-02   6.7288201108693713e-02   4.6263204323702956e-04
   5.6640625000000000e-01   8.5600539991267918e-02   8.6065587132919341e-02   4.6504714165142291e-04
   5.7421875000000000e-01   1.0657661986169832e-01   1.0704472120894193e-01   4.6810134724360741e-04
   5.8203125000000000e-01   1.2970366079648599e-01   1.3017506276521695e-01   4.7140196873096674e-04
   5.8984375000000000e-01   1.5492572798069937e-01   1.5540088878295688e-01   4.7516080225751267e-04
   5.9765625000000000e-01   1.8218228403559719e-01   1.8266142803776397e-01   4.7914400216678144e-04
   6.0546875000000000e-01   2.1140745974667091e-01   2.1189100750283152e-01   4.8354775616060719e-04
   6.1328125000000000e-01   2.4253107303729485e-01   2.4301921056101961e-01   4.8813752372475760e-04
   6.2109375000000000e-01   2.7547791775666758e-01   2.7597104664465288e-01   4.9312888798530574e-04
   6.2890625000000000e-01   3.1016886527802284e-01   3.1066713189436534e-01   4.9826661634250202e-04
   6.3671875000000000e-01   3.4652009099880787e-01   3.4702388040177201e-01   5.0378940296413877e-04
   6.4453125000000000e-01   3.8444428687956761e-01   3.8495370557524433e-01   5.0941869567672216e-04
   6.5234375000000000e-01   4.2384981598900862e-01   4.2436523114367952e-01   5.1541515467090626e-04
   6.6015625000000000e-01   4.6464203324606496e-01   4.6516351128993993e-01   5.2147804387497887e-04
   6.6796875000000000e-01   5.0672237165476430e-01   5.0725025938364632e-01   5.2788772888201496e-04
   6.7578125000000000e-01   5.4998976114551112e-01   5.5052408476227743e-01   5.3432361676630791e-04
   6.8359375000000000e-01   5.9433965386469623e-01   5.9488073699015676e-01   5.4108312546052861e-04
   6.9140625000000000e-01   6.3966552835475377e-01   6.4021335700688409e-01   5.4782865213032217e-04
   6.9921875000000000e-01   6.8585786275705574e-01   6.8641273456016894e-01   5.5487180311319939e-04
   7.0703125000000000e-01   7.3280571019900709e-01   7.3336757130289887e-01   5.6186110389178090e-04
   7.1484375000000000e-01   7.8039562958080200e-01   7.8096474892060275e-01   5.6911933980074991e-04
   7.2265625000000000e-01   8.2851331715175047e-01   8.2908960164337886e-01   5.7628449162838713e-04
   7.3046875000000000e-01   8.7704250507889159e-01   8.7762619248577989e-01   5.8368740688830023e-04
   7.3828125000000000e-01   9.2586663357287602e-01   9.2645759254916138e-01   5.9095897628536065e-04
   7.4609375000000000e-01   9.7486772779663011e-01   9.7546616271364606e-01   5.9843491701594420e-04
   8.7890625000000000e-01   1.7233177301260869e+00   1.7240289531861590e+00   7.1122306007209701e-04
   8.8671875000000000e-01   1.7562645376020927e+00   1.7569807892787153e+00   7.1625167662259237e-04
   8.9453125000000000e-01   1.7873881030539072e+00   1.7881089923462128e+00   7.2088929230562648e-04
   9.0234375000000000e-01   1.8166132218953206e+00   1.8173385718209540e+00   7.2534992563344503e-04
   9.1015625000000000e-01   1.8438696997223993e+00   1.8445991110857742e+00   7.2941136337489887e-04
   9.1796875000000000e-01   1.8690916760816398e+00   1.8698249371138438e+00   7.3326103220394678e-04
   9.2578125000000000e-01   1.8922185715231461e+00   1.8929552786807400e+00   7.3670715759388550e-04
   9.3359375000000000e-01   1.9131945039982394e+00   1.9139344127676492e+00   7.3990876940976946e-04
   9.4140625000000000e-01   1.9319690924246906e+00   1.9327117988030014e+00   7.4270637831075348e-04
   9.4921875000000000e-01   1.9484969713332712e+00   1.9492422004191319e+00   7.4522908586072134e-04
   9.5703125000000000e-01   1.9627384432070947e+00   1.9634857944306556e+00   7.4735122356095474e-04
   9.6484375000000000e-01   1.9746590960506021e+00   1.9754082667720074e+00   7.4917072140534557e-04
   9.7265625000000000e-01   1.9842302982212736e+00   1.9849808951630317e+00   7.5059694175805269e-04
   9.8046875000000000e-01   1.9914289226035042e+00   1.9921806183034714e+00   7.5169569996713648e-04
   9.8828125000000000e-01   1.9968394499609723e+00   1.9969900914296597e+00   1.5064146868737360e-04
   9.9609375000000000e-01   1.9980429963141455e+00   1.9993977280995754e+00   1.3547317854298857e-03
   7.5390625000000000e-01   1.0239280944752227e+00   1.0245338370410639e+00   6.0574256584122743e-04
   7.6171875000000000e-01   1.0729291879340341e+00   1.0735424072061395e+00   6.1321927210533644e-04
   7.6953125000000000e-01   1.1217533148745682e+00   1.1223738072707015e+00   6.2049239613326534e-04
   7.7734375000000000e-01   1.1702825004472797e+00   1.1709103981148696e+00   6.2789766758997168e-04
   7.8515625000000000e-01   1.2184001847882866e+00   1.2190352508399951e+00   6.3506605170848829e-04
   7.9296875000000000e-01   1.2659901000373810e+00   1.2666324284606252e+00   6.4232842324418726e-04
   8.0078125000000000e-01   1.3129379423054588e+00   1.3135872652068510e+00   6.4932290139219084e-04
   8.0859375000000000e-01   1.3591302704459796e+00   1.3597866427641931e+00   6.5637231821358277e-04
   8.1640625000000000e-01   1.4044561373570070e+00   1.4051192627855293e+00   6.6312542852231537e-04
   8.2421875000000000e-01   1.4488060211067315e+00   1.4494759150185574e+00   6.6989391182592506e-04
   8.3203125000000000e-01   1.4920733998641109e+00   1.4927497404028658e+00   6.7634053875487155e-04
   8.3984375000000000e-01   1.5341537256686373e+00   1.5348364885027634e+00   6.8276283412616046e-04
   8.4765625000000000e-01   1.5749459278254649e+00   1.5756347686557146e+00   6.8884083024967069e-04
   8.5546875000000000e-01   1.6143514391996814e+00   1.6150462942313237e+00   6.9485503164234963e-04
   8.6328125000000000e-01   1.6522756136000720e+00   1.6529761194124362e+00   7.0050581236413834e-04
   8.7109375000000000e-01   1.6886268139728573e+00   1.6893328679279311e+00   7.0605395507383761e-04
