#                  Coord.                Numerical               Analytical                    Error
   3.9062500000000000e-03   3.9981931843137803e+00   3.9981931843137795e+00   8.8817841970012523e-16
   1.1718750000000000e-02   3.9933779109980057e+00   3.9933779109980057e+00   0.0000000000000000e+00
   1.9531250000000000e-02   3.9837589647695983e+00   3.9837589647695992e+00   8.8817841970012523e-16
   2.7343750000000000e-02   3.9693595185125439e+00   3.9693595185125456e+00   1.7763568394002505e-15
   3.5156250000000000e-02   3.9502142617541192e+00   3.9502142617541200e+00   8.8817841970012523e-16
   4.2968750000000000e-02   3.9263693170947782e+00   3.9263693170947809e+00   2.6645352591003757e-15
   5.0781250000000000e-02   3.8978821290947812e+00   3.8978821290947820e+00   8.8817841970012523e-16
   5.8593750000000000e-02   3.8648213258851980e+00   3.8648213258851989e+00   8.8817841970012523e-16
   6.6406250000000000e-02   3.8272665538367447e+00   3.8272665538367483e+00   3.5527136788005009e-15
   7.4218750000000000e-02   3.7853082856847018e+00   3.7853082856847027e+00   8.8817841970012523e-16
   8.2031250000000000e-02   3.7390476025721506e+00   3.7390476025721524e+00   1.7763568394002505e-15
   8.9843750000000000e-02   3.6885959505366701e+00   3.6885959505366723e+00   2.2204460492503131e-15
   9.7656250000000000e-02   3.6340748720270546e+00   3.6340748720270586e+00   3.9968028886505635e-15
   1.0546875000000000e-01   3.5756157130969193e+00   3.5756157130969242e+00   4.8849813083506888e-15
   1.1328125000000000e-01   3.5133593069805440e+00   3.5133593069805471e+00   3.1086244689504383e-15
   1.2109375000000000e-01   3.4474556348132808e+00   3.4474556348132808e+00   0.0000000000000000e+00
   1.2890625000000000e-01   3.3780634643138536e+00   3.3780634643138558e+00   2.2204460492503131e-15
   1.3671875000000000e-01   3.3053499672990432e+00   3.3053499672990414e+00   1.7763568394002505e-15
   1.4453125000000000e-01   3.2294903169520932e+00   3.2294903169520963e+00   3.1086244689504383e-15
   1.5234375000000000e-01   3.1506672658152235e+00   3.1506672658152270e+00   3.5527136788005009e-15
   1.6015625000000000e-01   3.0690707055227064e+00   3.0690707055227056e+00   8.8817841970012523e-16
   1.6796875000000000e-01   2.9848972093352910e+00   2.9848972093352932e+00   2.2204460492503131e-15
   1.7578125000000000e-01   2.8983495585780288e+00   2.8983495585780306e+00   1.7763568394002505e-15
   1.8359375000000000e-01   2.8096362541222715e+00   2.8096362541222715e+00   0.0000000000000000e+00
   1.9140625000000000e-01   2.7189710140888179e+00   2.7189710140888184e+00   4.4408920985006262e-16
   1.9921875000000000e-01   2.6265722589822476e+00   2.6265722589822480e+00   4.4408920985006262e-16
   2.0703125000000000e-01   2.5326625854967877e+00   2.5326625854967877e+00   0.0000000000000000e+00
   2.1484375000000000e-01   2.4374682302613757e+00   2.4374682302613797e+00   3.9968028886505635e-15
   2.2265625000000000e-01   2.3412185248158259e+00   2.3412185248158273e+00   1.3322676295501878e-15
   2.3046875000000000e-01   2.2441453431310245e+00   2.2441453431310272e+00   2.6645352591003757e-15
   2.3828125000000000e-01   2.1464825430042613e+00   2.1464825430042627e+00   1.3322676295501878e-15
   2.4609375000000000e-01   2.0484654026752924e+00   2.0484654026752933e+00   8.8817841970012523e-16
   2.5390625000000000e-01   1.9503300540204562e+00   1.9503300540204576e+00   1.3322676295501878e-15
   2.6171875000000000e-01   1.8523129136903052e+00   1.8523129136903060e+00   8.8817841970012523e-16
   2.6953125000000000e-01   1.7546501135611803e+00   1.7546501135611816e+00   1.3322676295501878e-15
   2.7734375000000000e-01   1.6575769318728466e+00   1.6575769318728470e+00   4.4408920985006262e-16
   2.8515625000000000e-01   1.5613272264225948e+00   1.5613272264225957e+00   8.8817841970012523e-16
   2.9296875000000000e-01   1.4661328711813351e+00   1.4661328711813351e+00   0.0000000000000000e+00
   3.0078125000000000e-01   1.3722231976888832e+00   1.3722231976888828e+00   4.4408920985006262e-16
   3.0859375000000000e-01   1.2798244425741983e+00   1.2798244425741983e+00   0.0000000000000000e+00
   3.1640625000000000e-01   1.1891592025315274e+00   1.1891592025315281e+00   6.6613381477509392e-16
   3.2421875000000000e-01   1.1004458980654686e+00   1.1004458980654699e+00   1.3322676295501878e-15
   3.3203125000000000e-01   1.0138982472968545e+00   1.0138982472968538e+00   6.6613381477509392e-16
   3.3984375000000000e-01   9.2972475109705766e-01   9.2972475109705810e-01   4.4408920985006262e-16
   3.4765625000000000e-01   8.4812819079115465e-01   8.4812819079115542e-01   7.7715611723760958e-16
   3.5546875000000000e-01   7.6930513963993852e-01   7.6930513963993841e-01   1.1102230246251565e-16
   3.6328125000000000e-01   6.9344548927771310e-01   6.9344548927771354e-01   4.4408920985006262e-16
   3.7109375000000000e-01   6.2073199224672315e-01   6.2073199224672349e-01   3.3306690738754696e-16
   3.7890625000000000e-01   5.5133982173026697e-01   5.5133982173026730e-01   3.3306690738754696e-16
   3.8671875000000000e-01   4.8543614954515385e-01   4.8543614954515429e-01   4.4408920985006262e-16
   3.9453125000000000e-01   4.2317974341015907e-01   4.2317974341015929e-01   2.2204460492503131e-16
   4.0234375000000000e-01   3.6472058446067773e-01   3.6472058446067812e-01   3.8857805861880479e-16
   4.1015625000000000e-01   3.1019950593103734e-01   3.1019950593103718e-01   1.6653345369377348e-16
   4.1796875000000000e-01   2.5974785387489802e-01   2.5974785387489802e-01   0.0000000000000000e+00
   4.2578125000000000e-01   2.1348717074110601e-01   2.1348717074110590e-01   1.1102230246251565e-16
   4.3359375000000000e-01   1.7152890256728728e-01   1.7152890256728720e-01   8.3266726846886741e-17
   4.4140625000000000e-01   1.3397413049658366e-01   1.3397413049658360e-01   5.5511151231257827e-17
   4.4921875000000000e-01   1.0091332726432228e-01   1.0091332726432228e-01   0.0000000000000000e+00
   4.5703125000000000e-01   7.2426139241274778e-02   7.2426139241274737e-02   4.1633363423443370e-17
   4.6484375000000000e-01   4.8581194558571177e-02   4.8581194558571121e-02   5.5511151231257827e-17
   4.7265625000000000e-01   2.9435937776522484e-02   2.9435937776522422e-02   6.2450045135165055e-17
   4.8046875000000000e-01   1.5036491495643411e-02   1.5036491495643380e-02   3.1225022567582528e-17
   4.8828125000000000e-01   5.4175452432669762e-03   5.4175452432669588e-03   1.7347234759768071e-17
   4.9609375000000000e-01   6.0227190343531401e-04   6.0227190343530609e-04   7.9146758591441824e-18
   5.0390625000000000e-01   6.0227189139228413e-04   6.0227189139229313e-04   8.9988780316296868e-18
   5.1171875000000000e-01   5.4175452071668993e-03   5.4175452071669331e-03   3.3827107781547738e-17
   5.1953125000000000e-01   1.5036491435573261e-02   1.5036491435573306e-02   4.5102810375396984e-17
   5.2734375000000000e-01   2.9435937692626941e-02   2.9435937692627017e-02   7.6327832942979512e-17
   5.3515625000000000e-01   4.8581194451052377e-02   4.8581194451052502e-02   1.2490009027033011e-16
   5.4296875000000000e-01   7.2426139110391766e-02   7.2426139110391918e-02   1.5265566588595902e-16
   5.5078125000000000e-01   1.0091332711039042e-01   1.0091332711039055e-01   1.3877787807814457e-16
   5.5859375000000000e-01   1.3397413031997368e-01   1.3397413031997382e-01   1.3877787807814457e-16
   5.6640625000000000e-01   1.7152890236842486e-01   1.7152890236842486e-01   0.0000000000000000e+00
   5.7421875000000000e-01   2.1348717052046978e-01   2.1348717052047012e-01   3.3306690738754696e-16
   5.8203125000000000e-01   2.5974785363302005e-01   2.5974785363302016e-01   1.1102230246251565e-16
   5.8984375000000000e-01   3.1019950566849958e-01   3.1019950566850013e-01   5.5511151231257827e-16
   5.9765625000000000e-01   3.6472058417811365e-01   3.6472058417811420e-01   5.5511151231257827e-16
   6.0546875000000000e-01   4.2317974310824846e-01   4.2317974310824935e-01   8.8817841970012523e-16
   6.1328125000000000e-01   4.8543614922462541e-01   4.8543614922462541e-01   0.0000000000000000e+00
   6.2109375000000000e-01   5.5133982139189186e-01   5.5133982139189208e-01   2.2204460492503131e-16
   6.2890625000000000e-01   6.2073199189131634e-01   6.2073199189131678e-01   4.4408920985006262e-16
   6.3671875000000000e-01   6.9344548890613045e-01   6.9344548890613034e-01   1.1102230246251565e-16
   6.4453125000000000e-01   7.6930513925307520e-01   7.6930513925307498e-01   2.2204460492503131e-16
   6.5234375000000000e-01   8.4812819038994547e-01   8.4812819038994536e-01   1.1102230246251565e-16
   6.6015625000000000e-01   9.2972475068246596e-01   9.2972475068246607e-01   1.1102230246251565e-16
   6.6796875000000000e-01   1.0138982468698785e+00   1.0138982468698789e+00   4.4408920985006262e-16
   6.7578125000000000e-01   1.1004458976271414e+00   1.1004458976271412e+00   2.2204460492503131e-16
   6.8359375000000000e-01   1.1891592020828998e+00   1.1891592020828996e+00   2.2204460492503131e-16
   6.9140625000000000e-01   1.2798244421163529e+00   1.2798244421163543e+00   1.3322676295501878e-15
   6.9921875000000000e-01   1.3722231972229242e+00   1.3722231972229242e+00   0.0000000000000000e+00
   7.0703125000000000e-01   1.4661328707083836e+00   1.4661328707083841e+00   4.4408920985006262e-16
   7.1484375000000000e-01   1.5613272259437909e+00   1.5613272259437916e+00   6.6613381477509392e-16
   7.2265625000000000e-01   1.6575769313893429e+00   1.6575769313893438e+00   8.8817841970012523e-16
   7.3046875000000000e-01   1.7546501130741468e+00   1.7546501130741463e+00   4.4408920985006262e-16
   7.3828125000000000e-01   1.8523129132009077e+00   1.8523129132009089e+00   1.1102230246251565e-15
   7.4609375000000000e-01   1.9503300535298789e+00   1.9503300535298784e+00   4.4408920985006262e-16
   8.7890625000000000e-01   3.4474556344749034e+00   3.4474556344749039e+00   4.4408920985006262e-16
   8.8671875000000000e-01   3.5133593066600168e+00   3.5133593066600164e+00   4.4408920985006262e-16
   8.9453125000000000e-01   3.5756157127950101e+00   3.5756157127950119e+00   1.7763568394002505e-15
   9.0234375000000000e-01   3.6340748717444931e+00   3.6340748717444944e+00   1.3322676295501878e-15
   9.1015625000000000e-01   3.6885959502741335e+00   3.6885959502741348e+00   1.3322676295501878e-15
   9.1796875000000000e-01   3.7390476023302739e+00   3.7390476023302739e+00   0.0000000000000000e+00
   9.2578125000000000e-01   3.7853082854640645e+00   3.7853082854640663e+00   1.7763568394002505e-15
   9.3359375000000000e-01   3.8272665536378856e+00   3.8272665536378847e+00   8.8817841970012523e-16
   9.4140625000000000e-01   3.8648213257085864e+00   3.8648213257085891e+00   2.6645352591003757e-15
   9.4921875000000000e-01   3.8978821289408478e+00   3.8978821289408501e+00   2.2204460492503131e-15
   9.5703125000000000e-01   3.9263693169638967e+00   3.9263693169638976e+00   8.8817841970012523e-16
   9.6484375000000000e-01   3.9502142616466012e+00   3.9502142616466012e+00   0.0000000000000000e+00
   9.7265625000000000e-01   3.9693595184286483e+00   3.9693595184286492e+00   8.8817841970012523e-16
   9.8046875000000000e-01   3.9837589647095295e+00   3.9837589647095286e+00   8.8817841970012523e-16
   9.8828125000000000e-01   3.9933779109619025e+00   3.9933779109619056e+00   3.1086244689504383e-15
   9.9609375000000000e-01   3.9981931843017371e+00   3.9981931843017371e+00   0.0000000000000000e+00
   7.5390625000000000e-01   2.0484654021847137e+00   2.0484654021847137e+00   0.0000000000000000e+00
   7.6171875000000000e-01   2.1464825425148657e+00   2.1464825425148653e+00   4.4408920985006262e-16
   7.6953125000000000e-01   2.2441453426439888e+00   2.2441453426439892e+00   4.4408920985006262e-16
   7.7734375000000000e-01   2.3412185243323238e+00   2.3412185243323256e+00   1.7763568394002505e-15
   7.8515625000000000e-01   2.4374682297825778e+00   2.4374682297825765e+00   1.3322676295501878e-15
   7.9296875000000000e-01   2.5326625850238362e+00   2.5326625850238367e+00   4.4408920985006262e-16
   8.0078125000000000e-01   2.6265722585162874e+00   2.6265722585162883e+00   8.8817841970012523e-16
   8.0859375000000000e-01   2.7189710136309717e+00   2.7189710136309726e+00   8.8817841970012523e-16
   8.1640625000000000e-01   2.8096362536736432e+00   2.8096362536736450e+00   1.7763568394002505e-15
   8.2421875000000000e-01   2.8983495581397007e+00   2.8983495581397007e+00   0.0000000000000000e+00
   8.3203125000000000e-01   2.9848972089083157e+00   2.9848972089083174e+00   1.7763568394002505e-15
   8.3984375000000000e-01   3.0690707051081101e+00   3.0690707051081132e+00   3.1086244689504383e-15
   8.4765625000000000e-01   3.1506672654140155e+00   3.1506672654140155e+00   0.0000000000000000e+00
   8.5546875000000000e-01   3.2294903165652347e+00   3.2294903165652333e+00   1.3322676295501878e-15
   8.6328125000000000e-01   3.3053499669274569e+00   3.3053499669274586e+00   1.7763568394002505e-15
   8.7109375000000000e-01   3.3780634639584455e+00   3.3780634639584486e+00   3.1086244689504383e-15
