#                  Coord.                Numerical               Analytical                    Error
   7.8125000000000000e-03   1.9975923633421127e+00   1.9975923633421129e+00   2.2204460492503131e-16
   2.3437500000000000e-02   1.9879850035556985e+00   1.9879850035556985e+00   0.0000000000000000e+00
   3.9062500000000000e-02   1.9688628080975017e+00   1.9688628080975019e+00   2.2204460492503131e-16
   5.4687500000000000e-02   1.9404099341630403e+00   1.9404099341630405e+00   2.2204460492503131e-16
   7.0312500000000000e-02   1.9029003984822266e+00   1.9029003984822266e+00   0.0000000000000000e+00
   8.5937500000000000e-02   1.8566954383884640e+00   1.8566954383884640e+00   0.0000000000000000e+00
   1.0156250000000000e-01   1.8022400329056563e+00   1.8022400329056563e+00   0.0000000000000000e+00
   1.1718750000000000e-01   1.7400586173569557e+00   1.7400586173569557e+00   0.0000000000000000e+00
   1.3281250000000000e-01   1.6707500327659150e+00   1.6707500327659153e+00   2.2204460492503131e-16
   1.4843750000000000e-01   1.5949817586900736e+00   1.5949817586900736e+00   0.0000000000000000e+00
   1.6406250000000000e-01   1.5134834850279322e+00   1.5134834850279324e+00   2.2204460492503131e-16
   1.7968750000000000e-01   1.4270400847063462e+00   1.4270400847063465e+00   2.2204460492503131e-16
   1.9531250000000000e-01   1.3364840549251817e+00   1.3364840549251817e+00   0.0000000000000000e+00
   2.1093750000000000e-01   1.2426874997541928e+00   1.2426874997541928e+00   0.0000000000000000e+00
   2.2656250000000000e-01   1.1465537312940886e+00   1.1465537312940886e+00   0.0000000000000000e+00
   2.4218750000000000e-01   1.0490085702872034e+00   1.0490085702872034e+00   0.0000000000000000e+00
   2.5781250000000000e-01   9.5099142995764263e-01   9.5099142995764274e-01   1.1102230246251565e-16
   2.7343750000000000e-01   8.5344626894839948e-01   8.5344626894839970e-01   2.2204460492503131e-16
   2.8906250000000000e-01   7.5731250048360221e-01   7.5731250048360210e-01   1.1102230246251565e-16
   3.0468750000000000e-01   6.6351594530562963e-01   6.6351594530562974e-01   1.1102230246251565e-16
   3.2031250000000000e-01   5.7295991551525893e-01   5.7295991551525893e-01   0.0000000000000000e+00
   3.3593750000000000e-01   4.8651651518233263e-01   4.8651651518233241e-01   2.2204460492503131e-16
   3.5156250000000000e-01   4.0501824150682586e-01   4.0501824150682564e-01   2.2204460492503131e-16
   3.6718750000000000e-01   3.2924996741572232e-01   3.2924996741572221e-01   1.1102230246251565e-16
   3.8281250000000000e-01   2.5994138280767165e-01   2.5994138280767121e-01   4.4408920985006262e-16
   3.9843750000000000e-01   1.9775996724037415e-01   1.9775996724037415e-01   0.0000000000000000e+00
   4.1406250000000000e-01   1.4330456173756423e-01   1.4330456173756367e-01   5.5511151231257827e-16
   4.2968750000000000e-01   9.7099601622584686e-02   9.7099601622584686e-02   0.0000000000000000e+00
   4.4531250000000000e-01   5.9590065919545077e-02   5.9590065919545077e-02   0.0000000000000000e+00
   4.6093750000000000e-01   3.1137191962062660e-02   3.1137191962062549e-02   1.1102230246251565e-16
   4.7656250000000000e-01   1.2014996480271267e-02   1.2014996480271156e-02   1.1102230246251565e-16
   4.9218750000000000e-01   2.4076366699158358e-03   2.4076366699158358e-03   0.0000000000000000e+00
   5.0781250000000000e-01   2.4076366578872355e-03   2.4076366578872355e-03   0.0000000000000000e+00
   5.2343750000000000e-01   1.2014996444301262e-02   1.2014996444301485e-02   2.2204460492503131e-16
   5.3906250000000000e-01   3.1137191902498307e-02   3.1137191902498085e-02   2.2204460492503131e-16
   5.5468750000000000e-01   5.9590065836959472e-02   5.9590065836959472e-02   0.0000000000000000e+00
   5.7031250000000000e-01   9.7099601517773637e-02   9.7099601517773415e-02   2.2204460492503131e-16
   5.8593750000000000e-01   1.4330456161153604e-01   1.4330456161153593e-01   1.1102230246251565e-16
   6.0156250000000000e-01   1.9775996709434385e-01   1.9775996709434374e-01   1.1102230246251565e-16
   6.1718750000000000e-01   2.5994138264304434e-01   2.5994138264304445e-01   1.1102230246251565e-16
   6.3281250000000000e-01   3.2924996723408440e-01   3.2924996723408451e-01   1.1102230246251565e-16
   6.4843750000000000e-01   4.0501824130992681e-01   4.0501824130992647e-01   3.3306690738754696e-16
   6.6406250000000000e-01   4.8651651497206794e-01   4.8651651497206749e-01   4.4408920985006262e-16
   6.7968750000000000e-01   5.7295991529365342e-01   5.7295991529365309e-01   3.3306690738754696e-16
   6.9531250000000000e-01   6.6351594507481848e-01   6.6351594507481815e-01   3.3306690738754696e-16
   7.1093750000000000e-01   7.5731250024580721e-01   7.5731250024580687e-01   3.3306690738754696e-16
   7.2656250000000000e-01   8.5344626870591123e-01   8.5344626870591078e-01   4.4408920985006262e-16
   7.4218750000000000e-01   9.5099142971279671e-01   9.5099142971279638e-01   3.3306690738754696e-16
   7.5781250000000000e-01   1.0490085700423570e+00   1.0490085700423566e+00   4.4408920985006262e-16
   7.7343750000000000e-01   1.1465537310516005e+00   1.1465537310516003e+00   2.2204460492503131e-16
   7.8906250000000000e-01   1.2426874995163979e+00   1.2426874995163977e+00   2.2204460492503131e-16
   8.0468750000000000e-01   1.3364840546943699e+00   1.3364840546943697e+00   2.2204460492503131e-16
   8.2031250000000000e-01   1.4270400844847411e+00   1.4270400844847411e+00   0.0000000000000000e+00
   8.3593750000000000e-01   1.5134834848176673e+00   1.5134834848176673e+00   0.0000000000000000e+00
   8.5156250000000000e-01   1.5949817584931738e+00   1.5949817584931736e+00   2.2204460492503131e-16
   8.6718750000000000e-01   1.6707500325842775e+00   1.6707500325842775e+00   0.0000000000000000e+00
   8.8281250000000000e-01   1.7400586171923285e+00   1.7400586171923285e+00   0.0000000000000000e+00
   8.9843750000000000e-01   1.8022400327596260e+00   1.8022400327596257e+00   2.2204460492503131e-16
   9.1406250000000000e-01   1.8566954382624359e+00   1.8566954382624359e+00   0.0000000000000000e+00
   9.2968750000000000e-01   1.9029003983774149e+00   1.9029003983774149e+00   0.0000000000000000e+00
   9.4531250000000000e-01   1.9404099340804548e+00   1.9404099340804550e+00   2.2204460492503131e-16
   9.6093750000000000e-01   1.9688628080379371e+00   1.9688628080379373e+00   2.2204460492503131e-16
   9.7656250000000000e-01   1.9879850035197286e+00   1.9879850035197286e+00   0.0000000000000000e+00
   9.9218750000000000e-01   1.9975923633300841e+00   1.9975923633300843e+00   2.2204460492503131e-16
