#                  Coord.                Numerical               Analytical                    Error
   7.8125000000000000e-03   3.9927770900203239e+00   3.9927770900203248e+00   8.8817841970012523e-16
   2.3437500000000000e-02   3.9735623704474956e+00   3.9735623704474956e+00   0.0000000000000000e+00
   3.9062500000000000e-02   3.9353179795311015e+00   3.9353179795311024e+00   8.8817841970012523e-16
   5.4687500000000000e-02   3.8784122316621783e+00   3.8784122316621792e+00   8.8817841970012523e-16
   7.0312500000000000e-02   3.8033931603005517e+00   3.8033931603005517e+00   0.0000000000000000e+00
   8.5937500000000000e-02   3.7109832401130265e+00   3.7109832401130260e+00   4.4408920985006262e-16
   1.0156250000000000e-01   3.6020724291474111e+00   3.6020724291474111e+00   0.0000000000000000e+00
   1.1718750000000000e-01   3.4777095980500095e+00   3.4777095980500095e+00   0.0000000000000000e+00
   1.3281250000000000e-01   3.3390924288679282e+00   3.3390924288679287e+00   4.4408920985006262e-16
   1.4843750000000000e-01   3.1875558807162458e+00   3.1875558807162458e+00   0.0000000000000000e+00
   1.6406250000000000e-01   3.0245593333919629e+00   3.0245593333919634e+00   4.4408920985006262e-16
   1.7968750000000000e-01   2.8516725327487915e+00   2.8516725327487915e+00   0.0000000000000000e+00
   1.9531250000000000e-01   2.6705604731864625e+00   2.6705604731864621e+00   4.4408920985006262e-16
   2.1093750000000000e-01   2.4829673628444837e+00   2.4829673628444842e+00   4.4408920985006262e-16
   2.2656250000000000e-01   2.2906998259242752e+00   2.2906998259242757e+00   4.4408920985006262e-16
   2.4218750000000000e-01   2.0956095039105054e+00   2.0956095039105049e+00   4.4408920985006262e-16
   2.5781250000000000e-01   1.8995752232513836e+00   1.8995752232513841e+00   4.4408920985006262e-16
   2.7343750000000000e-01   1.7044849012328975e+00   1.7044849012328978e+00   2.2204460492503131e-16
   2.8906250000000000e-01   1.5122173643033028e+00   1.5122173643033028e+00   0.0000000000000000e+00
   3.0468750000000000e-01   1.3246242539473583e+00   1.3246242539473578e+00   4.4408920985006262e-16
   3.2031250000000000e-01   1.1435121943666162e+00   1.1435121943666162e+00   0.0000000000000000e+00
   3.3593750000000000e-01   9.7062539370076339e-01   9.7062539370076339e-01   0.0000000000000000e+00
   3.5156250000000000e-01   8.0762884634975007e-01   8.0762884634974974e-01   3.3306690738754696e-16
   3.6718750000000000e-01   6.5609229816754311e-01   6.5609229816754289e-01   2.2204460492503131e-16
   3.8281250000000000e-01   5.1747512895144154e-01   5.1747512895144077e-01   7.7715611723760958e-16
   3.9843750000000000e-01   3.9311229781684687e-01   3.9311229781684670e-01   1.6653345369377348e-16
   4.1406250000000000e-01   2.8420148681122620e-01   2.8420148681122581e-01   3.8857805861880479e-16
   4.2968750000000000e-01   1.9179156658126795e-01   1.9179156658126789e-01   5.5511151231257827e-17
   4.4531250000000000e-01   1.1677249517518859e-01   1.1677249517518848e-01   1.1102230246251565e-16
   4.6093750000000000e-01   5.9866747260223688e-02   5.9866747260223591e-02   9.7144514654701197e-17
   4.7656250000000000e-01   2.1622356296640818e-02   2.1622356296640766e-02   5.2041704279304213e-17
   4.9218750000000000e-01   2.4076366759300644e-03   2.4076366759300475e-03   1.6913553890773869e-17
   5.0781250000000000e-01   2.4076366518730160e-03   2.4076366518730329e-03   1.6913553890773869e-17
   5.2343750000000000e-01   2.1622356224701350e-02   2.1622356224701406e-02   5.5511151231257827e-17
   5.3906250000000000e-01   5.9866747141094634e-02   5.9866747141094717e-02   8.3266726846886741e-17
   5.5468750000000000e-01   1.1677249501001723e-01   1.1677249501001738e-01   1.5265566588595902e-16
   5.7031250000000000e-01   1.9179156637164504e-01   1.9179156637164518e-01   1.3877787807814457e-16
   5.8593750000000000e-01   2.8420148655917027e-01   2.8420148655917027e-01   0.0000000000000000e+00
   6.0156250000000000e-01   3.9311229752478549e-01   3.9311229752478588e-01   3.8857805861880479e-16
   6.1718750000000000e-01   5.1747512862218747e-01   5.1747512862218736e-01   1.1102230246251565e-16
   6.3281250000000000e-01   6.5609229780426737e-01   6.5609229780426759e-01   2.2204460492503131e-16
   6.4843750000000000e-01   8.0762884595595175e-01   8.0762884595595141e-01   3.3306690738754696e-16
   6.6406250000000000e-01   9.7062539328023423e-01   9.7062539328023345e-01   7.7715611723760958e-16
   6.7968750000000000e-01   1.1435121939234054e+00   1.1435121939234048e+00   6.6613381477509392e-16
   6.9531250000000000e-01   1.3246242534857355e+00   1.3246242534857346e+00   8.8817841970012523e-16
   7.1093750000000000e-01   1.5122173638277128e+00   1.5122173638277123e+00   4.4408920985006262e-16
   7.2656250000000000e-01   1.7044849007479206e+00   1.7044849007479201e+00   4.4408920985006262e-16
   7.4218750000000000e-01   1.8995752227616920e+00   1.8995752227616913e+00   6.6613381477509392e-16
   7.5781250000000000e-01   2.0956095034208122e+00   2.0956095034208113e+00   8.8817841970012523e-16
   7.7343750000000000e-01   2.2906998254392992e+00   2.2906998254392992e+00   0.0000000000000000e+00
   7.8906250000000000e-01   2.4829673623688944e+00   2.4829673623688939e+00   4.4408920985006262e-16
   8.0468750000000000e-01   2.6705604727248389e+00   2.6705604727248380e+00   8.8817841970012523e-16
   8.2031250000000000e-01   2.8516725323055803e+00   2.8516725323055807e+00   4.4408920985006262e-16
   8.3593750000000000e-01   3.0245593329714331e+00   3.0245593329714331e+00   0.0000000000000000e+00
   8.5156250000000000e-01   3.1875558803224462e+00   3.1875558803224457e+00   4.4408920985006262e-16
   8.6718750000000000e-01   3.3390924285046535e+00   3.3390924285046535e+00   0.0000000000000000e+00
   8.8281250000000000e-01   3.4777095977207555e+00   3.4777095977207555e+00   0.0000000000000000e+00
   8.9843750000000000e-01   3.6020724288553505e+00   3.6020724288553501e+00   4.4408920985006262e-16
   9.1406250000000000e-01   3.7109832398609699e+00   3.7109832398609699e+00   0.0000000000000000e+00
   9.2968750000000000e-01   3.8033931600909283e+00   3.8033931600909283e+00   0.0000000000000000e+00
   9.4531250000000000e-01   3.8784122314970078e+00   3.8784122314970086e+00   8.8817841970012523e-16
   9.6093750000000000e-01   3.9353179794119719e+00   3.9353179794119733e+00   1.3322676295501878e-15
   9.7656250000000000e-01   3.9735623703755554e+00   3.9735623703755554e+00   0.0000000000000000e+00
   9.9218750000000000e-01   3.9927770899962662e+00   3.9927770899962671e+00   8.8817841970012523e-16
