#                  Coord.                Numerical               Analytical                    Error
   3.9062500000000000e-03   2.4533837041064471e-02   2.4533837041064453e-02   1.7347234759768071e-17
   1.1718750000000000e-02   7.3542407206140137e-02   7.3542407206140220e-02   8.3266726846886741e-17
   1.9531250000000000e-02   1.2237380727070235e-01   1.2237380727070230e-01   5.5511151231257827e-17
   2.7343750000000000e-02   1.7091039811486969e-01   1.7091039811486966e-01   2.7755575615628914e-17
   3.5156250000000000e-02   2.1903525083999534e-01   2.1903525083999545e-01   1.1102230246251565e-16
   4.2968750000000000e-02   2.6663242846062563e-01   2.6663242846062563e-01   0.0000000000000000e+00
   5.0781250000000000e-02   3.1358726520685171e-01   3.1358726520685171e-01   0.0000000000000000e+00
   5.8593750000000000e-02   3.5978664276419375e-01   3.5978664276419398e-01   2.2204460492503131e-16
   6.6406250000000000e-02   4.0511926278552945e-01   4.0511926278552934e-01   1.1102230246251565e-16
   7.4218750000000000e-02   4.4947591501855755e-01   4.4947591501855777e-01   2.2204460492503131e-16
   8.2031250000000000e-02   4.9274974040286618e-01   4.9274974040286612e-01   5.5511151231257827e-17
   8.9843750000000000e-02   5.3483648850276388e-01   5.3483648850276400e-01   1.1102230246251565e-16
   9.7656250000000000e-02   5.7563476865571483e-01   5.7563476865571517e-01   3.3306690738754696e-16
   1.0546875000000000e-01   6.1504629423132340e-01   6.1504629423132384e-01   4.4408920985006262e-16
   1.1328125000000000e-01   6.5297611941243650e-01   6.5297611941243638e-01   1.1102230246251565e-16
   1.2109375000000000e-01   6.8933286792793125e-01   6.8933286792793125e-01   0.0000000000000000e+00
   1.2890625000000000e-01   7.2402895318615945e-01   7.2402895318615945e-01   0.0000000000000000e+00
   1.3671875000000000e-01   7.5698078927871548e-01   7.5698078927871582e-01   3.3306690738754696e-16
   1.4453125000000000e-01   7.8810899234621323e-01   7.8810899234621334e-01   1.1102230246251565e-16
   1.5234375000000000e-01   8.1733857182095360e-01   8.1733857182095404e-01   4.4408920985006262e-16
   1.6015625000000000e-01   8.4459911108577379e-01   8.4459911108577423e-01   4.4408920985006262e-16
   1.6796875000000000e-01   8.6982493711384368e-01   8.6982493711384401e-01   3.3306690738754696e-16
   1.7578125000000000e-01   8.9295527868073976e-01   8.9295527868074021e-01   4.4408920985006262e-16
   1.8359375000000000e-01   9.1393441276764908e-01   9.1393441276764942e-01   3.3306690738754696e-16
   1.9140625000000000e-01   9.3271179880300126e-01   9.3271179880300126e-01   0.0000000000000000e+00
   1.9921875000000000e-01   9.4924220041913165e-01   9.4924220041913188e-01   2.2204460492503131e-16
   2.0703125000000000e-01   9.6348579443065585e-01   9.6348579443065574e-01   1.1102230246251565e-16
   2.1484375000000000e-01   9.7540826677200720e-01   9.7540826677200754e-01   3.3306690738754696e-16
   2.2265625000000000e-01   9.8498089516303178e-01   9.8498089516303178e-01   0.0000000000000000e+00
   2.3046875000000000e-01   9.9218061830347137e-01   9.9218061830347148e-01   1.1102230246251565e-16
   2.3828125000000000e-01   9.9699009142965977e-01   9.9699009142965955e-01   2.2204460492503131e-16
   2.4609375000000000e-01   9.9939772809957506e-01   9.9939772809957550e-01   4.4408920985006262e-16
   2.5390625000000000e-01   9.9939772810559691e-01   9.9939772810559691e-01   0.0000000000000000e+00
   2.6171875000000000e-01   9.9699009144770923e-01   9.9699009144770967e-01   4.4408920985006262e-16
   2.6953125000000000e-01   9.9218061833350613e-01   9.9218061833350646e-01   3.3306690738754696e-16
   2.7734375000000000e-01   9.8498089520497911e-01   9.8498089520497967e-01   5.5511151231257827e-16
   2.8515625000000000e-01   9.7540826682576676e-01   9.7540826682576698e-01   2.2204460492503131e-16
   2.9296875000000000e-01   9.6348579449609695e-01   9.6348579449609717e-01   2.2204460492503131e-16
   3.0078125000000000e-01   9.4924220049609775e-01   9.4924220049609775e-01   0.0000000000000000e+00
   3.0859375000000000e-01   9.3271179889130595e-01   9.3271179889130629e-01   3.3306690738754696e-16
   3.1640625000000000e-01   9.1393441286708066e-01   9.1393441286708077e-01   1.1102230246251565e-16
   3.2421875000000000e-01   8.9295527879105774e-01   8.9295527879105796e-01   2.2204460492503131e-16
   3.3203125000000000e-01   8.6982493723478327e-01   8.6982493723478305e-01   2.2204460492503131e-16
   3.3984375000000000e-01   8.4459911121704290e-01   8.4459911121704301e-01   1.1102230246251565e-16
   3.4765625000000000e-01   8.1733857196223569e-01   8.1733857196223603e-01   3.3306690738754696e-16
   3.5546875000000000e-01   7.8810899249716848e-01   7.8810899249716848e-01   0.0000000000000000e+00
   3.6328125000000000e-01   7.5698078943898017e-01   7.5698078943898039e-01   2.2204460492503131e-16
   3.7109375000000000e-01   7.2402895335534689e-01   7.2402895335534712e-01   2.2204460492503131e-16
   3.7890625000000000e-01   6.8933286810563454e-01   6.8933286810563466e-01   1.1102230246251565e-16
   3.8671875000000000e-01   6.5297611959822699e-01   6.5297611959822732e-01   3.3306690738754696e-16
   3.9453125000000000e-01   6.1504629442475467e-01   6.1504629442475489e-01   2.2204460492503131e-16
   4.0234375000000000e-01   5.7563476885632003e-01   5.7563476885632037e-01   3.3306690738754696e-16
   4.1015625000000000e-01   5.3483648871005973e-01   5.3483648871005962e-01   1.1102230246251565e-16
   4.1796875000000000e-01   4.9274974061635324e-01   4.9274974061635324e-01   0.0000000000000000e+00
   4.2578125000000000e-01   4.4947591523772218e-01   4.4947591523772207e-01   1.1102230246251565e-16
   4.3359375000000000e-01   4.0511926300984252e-01   4.0511926300984241e-01   1.1102230246251565e-16
   4.4140625000000000e-01   3.5978664299311597e-01   3.5978664299311586e-01   1.1102230246251565e-16
   4.4921875000000000e-01   3.1358726543983051e-01   3.1358726543983051e-01   0.0000000000000000e+00
   4.5703125000000000e-01   2.6663242869710063e-01   2.6663242869710058e-01   5.5511151231257827e-17
   4.6484375000000000e-01   2.1903525107939686e-01   2.1903525107939675e-01   1.1102230246251565e-16
   4.7265625000000000e-01   1.7091039835662031e-01   1.7091039835662014e-01   1.6653345369377348e-16
   4.8046875000000000e-01   1.2237380751422015e-01   1.2237380751422003e-01   1.2490009027033011e-16
   4.8828125000000000e-01   7.3542407450838648e-02   7.3542407450838523e-02   1.2490009027033011e-16
   4.9609375000000000e-01   2.4533837286353576e-02   2.4533837286353416e-02   1.5959455978986625e-16
   5.0390625000000000e-01  -2.4533837041064252e-02  -2.4533837041064432e-02   1.8041124150158794e-16
   5.1171875000000000e-01  -7.3542407206140248e-02  -7.3542407206140470e-02   2.2204460492503131e-16
   5.1953125000000000e-01  -1.2237380727070220e-01  -1.2237380727070238e-01   1.8041124150158794e-16
   5.2734375000000000e-01  -1.7091039811486936e-01  -1.7091039811486958e-01   2.2204460492503131e-16
   5.3515625000000000e-01  -2.1903525083999539e-01  -2.1903525083999567e-01   2.7755575615628914e-16
   5.4296875000000000e-01  -2.6663242846062540e-01  -2.6663242846062568e-01   2.7755575615628914e-16
   5.5078125000000000e-01  -3.1358726520685132e-01  -3.1358726520685148e-01   1.6653345369377348e-16
   5.5859375000000000e-01  -3.5978664276419386e-01  -3.5978664276419409e-01   2.2204460492503131e-16
   5.6640625000000000e-01  -4.0511926278552929e-01  -4.0511926278552929e-01   0.0000000000000000e+00
   5.7421875000000000e-01  -4.4947591501855771e-01  -4.4947591501855805e-01   3.3306690738754696e-16
   5.8203125000000000e-01  -4.9274974040286607e-01  -4.9274974040286618e-01   1.1102230246251565e-16
   5.8984375000000000e-01  -5.3483648850276355e-01  -5.3483648850276400e-01   4.4408920985006262e-16
   5.9765625000000000e-01  -5.7563476865571495e-01  -5.7563476865571539e-01   4.4408920985006262e-16
   6.0546875000000000e-01  -6.1504629423132340e-01  -6.1504629423132395e-01   5.5511151231257827e-16
   6.1328125000000000e-01  -6.5297611941243627e-01  -6.5297611941243627e-01   0.0000000000000000e+00
   6.2109375000000000e-01  -6.8933286792793125e-01  -6.8933286792793136e-01   1.1102230246251565e-16
   6.2890625000000000e-01  -7.2402895318615923e-01  -7.2402895318615945e-01   2.2204460492503131e-16
   6.3671875000000000e-01  -7.5698078927871537e-01  -7.5698078927871548e-01   1.1102230246251565e-16
   6.4453125000000000e-01  -7.8810899234621301e-01  -7.8810899234621290e-01   1.1102230246251565e-16
   6.5234375000000000e-01  -8.1733857182095393e-01  -8.1733857182095404e-01   1.1102230246251565e-16
   6.6015625000000000e-01  -8.4459911108577401e-01  -8.4459911108577423e-01   2.2204460492503131e-16
   6.6796875000000000e-01  -8.6982493711384368e-01  -8.6982493711384390e-01   2.2204460492503131e-16
   6.7578125000000000e-01  -8.9295527868073965e-01  -8.9295527868073998e-01   3.3306690738754696e-16
   6.8359375000000000e-01  -9.1393441276764908e-01  -9.1393441276764908e-01   0.0000000000000000e+00
   6.9140625000000000e-01  -9.3271179880300104e-01  -9.3271179880300126e-01   2.2204460492503131e-16
   6.9921875000000000e-01  -9.4924220041913188e-01  -9.4924220041913177e-01   1.1102230246251565e-16
   7.0703125000000000e-01  -9.6348579443065563e-01  -9.6348579443065563e-01   0.0000000000000000e+00
   7.1484375000000000e-01  -9.7540826677200709e-01  -9.7540826677200743e-01   3.3306690738754696e-16
   7.2265625000000000e-01  -9.8498089516303167e-01  -9.8498089516303167e-01   0.0000000000000000e+00
   7.3046875000000000e-01  -9.9218061830347148e-01  -9.9218061830347148e-01   0.0000000000000000e+00
   7.3828125000000000e-01  -9.9699009142965933e-01  -9.9699009142965955e-01   2.2204460492503131e-16
   7.4609375000000000e-01  -9.9939772809957517e-01  -9.9939772809957550e-01   3.3306690738754696e-16
   8.7890625000000000e-01  -6.8933286810563454e-01  -6.8933286810563510e-01   5.5511151231257827e-16
   8.8671875000000000e-01  -6.5297611959822743e-01  -6.5297611959822810e-01   6.6613381477509392e-16
   8.9453125000000000e-01  -6.1504629442475511e-01  -6.1504629442475567e-01   5.5511151231257827e-16
   9.0234375000000000e-01  -5.7563476885632014e-01  -5.7563476885632048e-01   3.3306690738754696e-16
   9.1015625000000000e-01  -5.3483648871005984e-01  -5.3483648871006018e-01   3.3306690738754696e-16
   9.1796875000000000e-01  -4.9274974061635324e-01  -4.9274974061635374e-01   4.9960036108132044e-16
   9.2578125000000000e-01  -4.4947591523772240e-01  -4.4947591523772257e-01   1.6653345369377348e-16
   9.3359375000000000e-01  -4.0511926300984286e-01  -4.0511926300984336e-01   4.9960036108132044e-16
   9.4140625000000000e-01  -3.5978664299311564e-01  -3.5978664299311597e-01   3.3306690738754696e-16
   9.4921875000000000e-01  -3.1358726543983062e-01  -3.1358726543983106e-01   4.4408920985006262e-16
   9.5703125000000000e-01  -2.6663242869710063e-01  -2.6663242869710113e-01   4.9960036108132044e-16
   9.6484375000000000e-01  -2.1903525107939714e-01  -2.1903525107939731e-01   1.6653345369377348e-16
   9.7265625000000000e-01  -1.7091039835662078e-01  -1.7091039835662114e-01   3.6082248300317588e-16
   9.8046875000000000e-01  -1.2237380751421983e-01  -1.2237380751422015e-01   3.1918911957973251e-16
   9.8828125000000000e-01  -7.3542407450838426e-02  -7.3542407450838648e-02   2.2204460492503131e-16
   9.9609375000000000e-01  -2.4533837286353700e-02  -2.4533837286353982e-02   2.8102520310824275e-16
   7.5390625000000000e-01  -9.9939772810559713e-01  -9.9939772810559691e-01   2.2204460492503131e-16
   7.6171875000000000e-01  -9.9699009144770923e-01  -9.9699009144770967e-01   4.4408920985006262e-16
   7.6953125000000000e-01  -9.9218061833350624e-01  -9.9218061833350657e-01   3.3306690738754696e-16
   7.7734375000000000e-01  -9.8498089520497911e-01  -9.8498089520497967e-01   5.5511151231257827e-16
   7.8515625000000000e-01  -9.7540826682576687e-01  -9.7540826682576698e-01   1.1102230246251565e-16
   7.9296875000000000e-01  -9.6348579449609706e-01  -9.6348579449609728e-01   2.2204460492503131e-16
   8.0078125000000000e-01  -9.4924220049609787e-01  -9.4924220049609798e-01   1.1102230246251565e-16
   8.0859375000000000e-01  -9.3271179889130618e-01  -9.3271179889130662e-01   4.4408920985006262e-16
   8.1640625000000000e-01  -9.1393441286708077e-01  -9.1393441286708066e-01   1.1102230246251565e-16
   8.2421875000000000e-01  -8.9295527879105818e-01  -8.9295527879105829e-01   1.1102230246251565e-16
   8.3203125000000000e-01  -8.6982493723478282e-01  -8.6982493723478327e-01   4.4408920985006262e-16
   8.3984375000000000e-01  -8.4459911121704323e-01  -8.4459911121704334e-01   1.1102230246251565e-16
   8.4765625000000000e-01  -8.1733857196223636e-01  -8.1733857196223658e-01   2.2204460492503131e-16
   8.5546875000000000e-01  -7.8810899249716826e-01  -7.8810899249716859e-01   3.3306690738754696e-16
   8.6328125000000000e-01  -7.5698078943898039e-01  -7.5698078943898051e-01   1.1102230246251565e-16
   8.7109375000000000e-01  -7.2402895335534678e-01  -7.2402895335534745e-01   6.6613381477509392e-16
