#                  Coord.                Numerical               Analytical                    Error
   3.9062500000000000e-03   2.4533837041062538e-02   2.4533837041064453e-02   1.9151347174783950e-15
   1.1718750000000000e-02   7.3542407206134974e-02   7.3542407206140220e-02   5.2458037913538647e-15
   1.9531250000000000e-02   1.2237380727069325e-01   1.2237380727070230e-01   9.0483176506950258e-15
   2.7343750000000000e-02   1.7091039811485700e-01   1.7091039811486966e-01   1.2656542480726785e-14
   3.5156250000000000e-02   2.1903525083997902e-01   2.1903525083999545e-01   1.6431300764452317e-14
   4.2968750000000000e-02   2.6663242846060520e-01   2.6663242846062563e-01   2.0428103653102880e-14
   5.0781250000000000e-02   3.1358726520682795e-01   3.1358726520685171e-01   2.3758772726978350e-14
   5.8593750000000000e-02   3.5978664276416650e-01   3.5978664276419398e-01   2.7478019859472624e-14
   6.6406250000000000e-02   4.0511926278549798e-01   4.0511926278552934e-01   3.1363800445660672e-14
   7.4218750000000000e-02   4.4947591501852246e-01   4.4947591501855777e-01   3.5305092183079978e-14
   8.2031250000000000e-02   4.9274974040282710e-01   4.9274974040286612e-01   3.9024339315574252e-14
   8.9843750000000000e-02   5.3483648850272181e-01   5.3483648850276400e-01   4.2188474935755949e-14
   9.7656250000000000e-02   5.7563476865566887e-01   5.7563476865571517e-01   4.6296300126869028e-14
   1.0546875000000000e-01   6.1504629423127377e-01   6.1504629423132384e-01   5.0071058410594560e-14
   1.1328125000000000e-01   6.5297611941238165e-01   6.5297611941243638e-01   5.4733995114020217e-14
   1.2109375000000000e-01   6.8933286792787218e-01   6.8933286792793125e-01   5.9063864910058328e-14
   1.2890625000000000e-01   7.2402895318609728e-01   7.2402895318615945e-01   6.2172489379008766e-14
   1.3671875000000000e-01   7.5698078927864987e-01   7.5698078927871582e-01   6.5947247662734299e-14
   1.4453125000000000e-01   7.8810899234614229e-01   7.8810899234621334e-01   7.1054273576010019e-14
   1.5234375000000000e-01   8.1733857182087755e-01   8.1733857182095404e-01   7.6494366396673286e-14
   1.6015625000000000e-01   8.4459911108569319e-01   8.4459911108577423e-01   8.1046280797636427e-14
   1.6796875000000000e-01   8.6982493711375886e-01   8.6982493711384401e-01   8.5154105988749507e-14
   1.7578125000000000e-01   8.9295527868065050e-01   8.9295527868074021e-01   8.9706020389712648e-14
   1.8359375000000000e-01   9.1393441276755460e-01   9.1393441276764942e-01   9.4813046302988369e-14
   1.9140625000000000e-01   9.3271179880290089e-01   9.3271179880300126e-01   1.0036416142611415e-13
   1.9921875000000000e-01   9.4924220041902596e-01   9.4924220041913188e-01   1.0591527654923993e-13
   2.0703125000000000e-01   9.6348579443054383e-01   9.6348579443065574e-01   1.1191048088221578e-13
   2.1484375000000000e-01   9.7540826677189096e-01   9.7540826677200754e-01   1.1657341758564144e-13
   2.2265625000000000e-01   9.8498089516290899e-01   9.8498089516303178e-01   1.2279066652354231e-13
   2.3046875000000000e-01   9.9218061830334192e-01   9.9218061830347148e-01   1.2956302697375577e-13
   2.3828125000000000e-01   9.9699009142952377e-01   9.9699009142965955e-01   1.3578027591165664e-13
   2.4609375000000000e-01   9.9939772809943339e-01   9.9939772809957550e-01   1.4210854715202004e-13
   2.5390625000000000e-01   9.9939772810544647e-01   9.9939772810559691e-01   1.5043521983670871e-13
   2.6171875000000000e-01   9.9699009144755235e-01   9.9699009144770967e-01   1.5731860258938468e-13
   2.6953125000000000e-01   9.9218061833334170e-01   9.9218061833350646e-01   1.6475709685437323e-13
   2.7734375000000000e-01   9.8498089520480603e-01   9.8498089520497967e-01   1.7363888105137448e-13
   2.8515625000000000e-01   9.7540826682558424e-01   9.7540826682576698e-01   1.8274270985330077e-13
   2.9296875000000000e-01   9.6348579449590588e-01   9.6348579449609717e-01   1.9129142714291447e-13
   3.0078125000000000e-01   9.4924220049589669e-01   9.4924220049609775e-01   2.0106138975961585e-13
   3.0859375000000000e-01   9.3271179889109423e-01   9.3271179889130629e-01   2.1205259770340490e-13
   3.1640625000000000e-01   9.1393441286685695e-01   9.1393441286708077e-01   2.2382096176443156e-13
   3.2421875000000000e-01   8.9295527879082148e-01   8.9295527879105796e-01   2.3647750424515834e-13
   3.3203125000000000e-01   8.6982493723453280e-01   8.6982493723478305e-01   2.5024426975051028e-13
   3.3984375000000000e-01   8.4459911121677833e-01   8.4459911121704301e-01   2.6467716907063732e-13
   3.4765625000000000e-01   8.1733857196195536e-01   8.1733857196223603e-01   2.8066438062523957e-13
   3.5546875000000000e-01   7.8810899249686939e-01   7.8810899249716848e-01   2.9909408283401717e-13
   3.6328125000000000e-01   7.5698078943866220e-01   7.5698078943898039e-01   3.1818991885756986e-13
   3.7109375000000000e-01   7.2402895335500839e-01   7.2402895335534712e-01   3.3872904481313526e-13
   3.7890625000000000e-01   6.8933286810527117e-01   6.8933286810563466e-01   3.6348701826227625e-13
   3.8671875000000000e-01   6.5297611959783630e-01   6.5297611959822732e-01   3.9102054927298013e-13
   3.9453125000000000e-01   6.1504629442433212e-01   6.1504629442475489e-01   4.2277292777725961e-13
   4.0234375000000000e-01   5.7563476885586129e-01   5.7563476885632037e-01   4.5907722068250223e-13
   4.1015625000000000e-01   5.3483648870955858e-01   5.3483648871005962e-01   5.0104365101333315e-13
   4.1796875000000000e-01   4.9274974061580146e-01   4.9274974061635324e-01   5.5178084323870280e-13
   4.2578125000000000e-01   4.4947591523710956e-01   4.4947591523772207e-01   6.1251004268569886e-13
   4.3359375000000000e-01   4.0511926300915596e-01   4.0511926300984241e-01   6.8645089612573429e-13
   4.4140625000000000e-01   3.5978664299233515e-01   3.5978664299311586e-01   7.8070883091641008e-13
   4.4921875000000000e-01   3.1358726543892768e-01   3.1358726543983051e-01   9.0283336362517730e-13
   4.5703125000000000e-01   2.6663242869603065e-01   2.6663242869710058e-01   1.0699219288312634e-12
   4.6484375000000000e-01   2.1903525107808616e-01   2.1903525107939675e-01   1.3105905249943817e-12
   4.7265625000000000e-01   1.7091039835493282e-01   1.7091039835662014e-01   1.6873169528253129e-12
   4.8046875000000000e-01   1.2237380751185385e-01   1.2237380751422003e-01   2.3661766990201727e-12
   4.8828125000000000e-01   7.3542407446890556e-02   7.3542407450838523e-02   3.9479669533548645e-12
   4.9609375000000000e-01   2.4533837274524389e-02   2.4533837286353416e-02   1.1829027340981568e-11
   5.0390625000000000e-01  -2.4533837029236727e-02  -2.4533837041064432e-02   1.1827705481692874e-11
   5.1171875000000000e-01  -7.3542407202191851e-02  -7.3542407206140470e-02   3.9486192093818318e-12
   5.1953125000000000e-01  -1.2237380726833577e-01  -1.2237380727070238e-01   2.3666069104422149e-12
   5.2734375000000000e-01  -1.7091039811318209e-01  -1.7091039811486958e-01   1.6874834862790067e-12
   5.3515625000000000e-01  -2.1903525083868494e-01  -2.1903525083999567e-01   1.3107293028724598e-12
   5.4296875000000000e-01  -2.6663242845955532e-01  -2.6663242846062568e-01   1.0703660180411134e-12
   5.5078125000000000e-01  -3.1358726520594837e-01  -3.1358726520685148e-01   9.0311091938133359e-13
   5.5859375000000000e-01  -3.5978664276341327e-01  -3.5978664276419409e-01   7.8081985321887259e-13
   5.6640625000000000e-01  -4.0511926278484245e-01  -4.0511926278552929e-01   6.8683947418435309e-13
   5.7421875000000000e-01  -4.4947591501794515e-01  -4.4947591501855805e-01   6.1289862074431767e-13
   5.8203125000000000e-01  -4.9274974040231401e-01  -4.9274974040286618e-01   5.5216942129732161e-13
   5.8984375000000000e-01  -5.3483648850226240e-01  -5.3483648850276400e-01   5.0159876252564572e-13
   5.9765625000000000e-01  -5.7563476865525609e-01  -5.7563476865571539e-01   4.5929926528742726e-13
   6.0546875000000000e-01  -6.1504629423090096e-01  -6.1504629423132395e-01   4.2299497238218464e-13
   6.1328125000000000e-01  -6.5297611941204514e-01  -6.5297611941243627e-01   3.9113157157544265e-13
   6.2109375000000000e-01  -6.8933286792756843e-01  -6.8933286792793136e-01   3.6293190674996367e-13
   6.2890625000000000e-01  -7.2402895318582083e-01  -7.2402895318615945e-01   3.3861802251067274e-13
   6.3671875000000000e-01  -7.5698078927839751e-01  -7.5698078927871548e-01   3.1796787425264483e-13
   6.4453125000000000e-01  -7.8810899234591447e-01  -7.8810899234621290e-01   2.9842794901924208e-13
   6.5234375000000000e-01  -8.1733857182067338e-01  -8.1733857182095404e-01   2.8066438062523957e-13
   6.6015625000000000e-01  -8.4459911108550934e-01  -8.4459911108577423e-01   2.6489921367556235e-13
   6.6796875000000000e-01  -8.6982493711359388e-01  -8.6982493711384390e-01   2.5002222514558525e-13
   6.7578125000000000e-01  -8.9295527868050306e-01  -8.9295527868073998e-01   2.3692159345500841e-13
   6.8359375000000000e-01  -9.1393441276742604e-01  -9.1393441276764908e-01   2.2304380564719395e-13
   6.9140625000000000e-01  -9.3271179880278920e-01  -9.3271179880300126e-01   2.1205259770340490e-13
   6.9921875000000000e-01  -9.4924220041892993e-01  -9.4924220041913177e-01   2.0183854587685346e-13
   7.0703125000000000e-01  -9.6348579443046389e-01  -9.6348579443065563e-01   1.9173551635276453e-13
   7.1484375000000000e-01  -9.7540826677182446e-01  -9.7540826677200743e-01   1.8296475445822580e-13
   7.2265625000000000e-01  -9.8498089516285781e-01  -9.8498089516303167e-01   1.7386092565629951e-13
   7.3046875000000000e-01  -9.9218061830330662e-01  -9.9218061830347148e-01   1.6486811915683575e-13
   7.3828125000000000e-01  -9.9699009142950346e-01  -9.9699009142965955e-01   1.5609735726229701e-13
   7.4609375000000000e-01  -9.9939772809942551e-01  -9.9939772809957550e-01   1.4999113062685865e-13
   8.7890625000000000e-01  -6.8933286810557715e-01  -6.8933286810563510e-01   5.7953641885433171e-14
   8.8671875000000000e-01  -6.5297611959817325e-01  -6.5297611959822810e-01   5.4845017416482733e-14
   8.9453125000000000e-01  -6.1504629442470482e-01  -6.1504629442475567e-01   5.0848214527832170e-14
   9.0234375000000000e-01  -5.7563476885627407e-01  -5.7563476885632048e-01   4.6407322429331543e-14
   9.1015625000000000e-01  -5.3483648871001788e-01  -5.3483648871006018e-01   4.2299497238218464e-14
   9.1796875000000000e-01  -4.9274974061631527e-01  -4.9274974061635374e-01   3.8469227803261674e-14
   9.2578125000000000e-01  -4.4947591523768748e-01  -4.4947591523772257e-01   3.5083047578154947e-14
   9.3359375000000000e-01  -4.0511926300981149e-01  -4.0511926300984336e-01   3.1863400806741993e-14
   9.4140625000000000e-01  -3.5978664299308877e-01  -3.5978664299311597e-01   2.7200464103316335e-14
   9.4921875000000000e-01  -3.1358726543980653e-01  -3.1358726543983106e-01   2.4535928844215960e-14
   9.5703125000000000e-01  -2.6663242869708043e-01  -2.6663242869710113e-01   2.0705659409259169e-14
   9.6484375000000000e-01  -2.1903525107938038e-01  -2.1903525107939731e-01   1.6930901125533637e-14
   9.7265625000000000e-01  -1.7091039835660798e-01  -1.7091039835662114e-01   1.3156142841808105e-14
   9.8046875000000000e-01  -1.2237380751421155e-01  -1.2237380751422015e-01   8.6042284408449632e-15
   9.8828125000000000e-01  -7.3542407450833097e-02  -7.3542407450838648e-02   5.5511151231257827e-15
   9.9609375000000000e-01  -2.4533837286351796e-02  -2.4533837286353982e-02   2.1857515797307769e-15
   7.5390625000000000e-01  -9.9939772810545435e-01  -9.9939772810559691e-01   1.4255263636187010e-13
   7.6171875000000000e-01  -9.9699009144757444e-01  -9.9699009144770967e-01   1.3522516439934407e-13
   7.6953125000000000e-01  -9.9218061833337634e-01  -9.9218061833350657e-01   1.3022916078853086e-13
   7.7734375000000000e-01  -9.8498089520485665e-01  -9.8498089520497967e-01   1.2301271112846734e-13
   7.8515625000000000e-01  -9.7540826682564952e-01  -9.7540826682576698e-01   1.1746159600534156e-13
   7.9296875000000000e-01  -9.6348579449598659e-01  -9.6348579449609728e-01   1.1068923555512811e-13
   8.0078125000000000e-01  -9.4924220049599262e-01  -9.4924220049609798e-01   1.0536016503692736e-13
   8.0859375000000000e-01  -9.3271179889120615e-01  -9.3271179889130662e-01   1.0047518372857667e-13
   8.1640625000000000e-01  -9.1393441286698518e-01  -9.1393441286708066e-01   9.5479180117763462e-14
   8.2421875000000000e-01  -8.9295527879096737e-01  -8.9295527879105829e-01   9.0927265716800321e-14
   8.3203125000000000e-01  -8.6982493723469789e-01  -8.6982493723478327e-01   8.5376150593674538e-14
   8.3984375000000000e-01  -8.4459911121696207e-01  -8.4459911121704334e-01   8.1268325402561459e-14
   8.4765625000000000e-01  -8.1733857196215998e-01  -8.1733857196223658e-01   7.6605388699135801e-14
   8.5546875000000000e-01  -7.8810899249709654e-01  -7.8810899249716859e-01   7.2053474298172659e-14
   8.6328125000000000e-01  -7.5698078943891378e-01  -7.5698078943898051e-01   6.6724403779971908e-14
   8.7109375000000000e-01  -7.2402895335528450e-01  -7.2402895335534745e-01   6.2949645496246376e-14
