#                  Coord.                Numerical               Analytical                    Error
   3.9062500000000000e-03   3.9981931843131924e+00   3.9981931843137795e+00   5.8708593542178278e-13
   1.1718750000000000e-02   3.9933779109974235e+00   3.9933779109980057e+00   5.8220095411343209e-13
   1.9531250000000000e-02   3.9837589647690161e+00   3.9837589647695992e+00   5.8308913253313222e-13
   2.7343750000000000e-02   3.9693595185119639e+00   3.9693595185125456e+00   5.8175686490358203e-13
   3.5156250000000000e-02   3.9502142617535325e+00   3.9502142617541200e+00   5.8753002463163284e-13
   4.2968750000000000e-02   3.9263693170941956e+00   3.9263693170947809e+00   5.8530957858238253e-13
   5.0781250000000000e-02   3.8978821290941976e+00   3.8978821290947820e+00   5.8442140016268240e-13
   5.8593750000000000e-02   3.8648213258846109e+00   3.8648213258851989e+00   5.8797411384148290e-13
   6.6406250000000000e-02   3.8272665538361617e+00   3.8272665538367483e+00   5.8664184621193272e-13
   7.4218750000000000e-02   3.7853082856841169e+00   3.7853082856847027e+00   5.8575366779223259e-13
   8.2031250000000000e-02   3.7390476025715649e+00   3.7390476025721524e+00   5.8753002463163284e-13
   8.9843750000000000e-02   3.6885959505360897e+00   3.6885959505366723e+00   5.8264504332328215e-13
   9.7656250000000000e-02   3.6340748720264764e+00   3.6340748720270586e+00   5.8220095411343209e-13
   1.0546875000000000e-01   3.5756157130963393e+00   3.5756157130969242e+00   5.8486548937253247e-13
   1.1328125000000000e-01   3.5133593069799618e+00   3.5133593069805471e+00   5.8530957858238253e-13
   1.2109375000000000e-01   3.4474556348126986e+00   3.4474556348132808e+00   5.8220095411343209e-13
   1.2890625000000000e-01   3.3780634643132723e+00   3.3780634643138558e+00   5.8353322174298228e-13
   1.3671875000000000e-01   3.3053499672984579e+00   3.3053499672990414e+00   5.8353322174298228e-13
   1.4453125000000000e-01   3.2294903169515128e+00   3.2294903169520963e+00   5.8353322174298228e-13
   1.5234375000000000e-01   3.1506672658146422e+00   3.1506672658152270e+00   5.8486548937253247e-13
   1.6015625000000000e-01   3.0690707055221189e+00   3.0690707055227056e+00   5.8664184621193272e-13
   1.6796875000000000e-01   2.9848972093347088e+00   2.9848972093352932e+00   5.8442140016268240e-13
   1.7578125000000000e-01   2.8983495585774475e+00   2.8983495585780306e+00   5.8308913253313222e-13
   1.8359375000000000e-01   2.8096362541216884e+00   2.8096362541222715e+00   5.8308913253313222e-13
   1.9140625000000000e-01   2.7189710140882348e+00   2.7189710140888184e+00   5.8353322174298228e-13
   1.9921875000000000e-01   2.6265722589816649e+00   2.6265722589822480e+00   5.8308913253313222e-13
   2.0703125000000000e-01   2.5326625854962024e+00   2.5326625854967877e+00   5.8530957858238253e-13
   2.1484375000000000e-01   2.4374682302607980e+00   2.4374682302613797e+00   5.8175686490358203e-13
   2.2265625000000000e-01   2.3412185248152455e+00   2.3412185248158273e+00   5.8175686490358203e-13
   2.3046875000000000e-01   2.2441453431304437e+00   2.2441453431310272e+00   5.8353322174298228e-13
   2.3828125000000000e-01   2.1464825430036800e+00   2.1464825430042627e+00   5.8264504332328215e-13
   2.4609375000000000e-01   2.0484654026747111e+00   2.0484654026752933e+00   5.8220095411343209e-13
   2.5390625000000000e-01   1.9503300540198720e+00   1.9503300540204576e+00   5.8553162318730756e-13
   2.6171875000000000e-01   1.8523129136897230e+00   1.8523129136903060e+00   5.8308913253313222e-13
   2.6953125000000000e-01   1.7546501135605987e+00   1.7546501135611816e+00   5.8286708792820718e-13
   2.7734375000000000e-01   1.6575769318722646e+00   1.6575769318728470e+00   5.8242299871835712e-13
   2.8515625000000000e-01   1.5613272264220115e+00   1.5613272264225957e+00   5.8419935555775737e-13
   2.9296875000000000e-01   1.4661328711807529e+00   1.4661328711813351e+00   5.8220095411343209e-13
   3.0078125000000000e-01   1.3722231976883017e+00   1.3722231976888828e+00   5.8109073108880693e-13
   3.0859375000000000e-01   1.2798244425736169e+00   1.2798244425741983e+00   5.8131277569373196e-13
   3.1640625000000000e-01   1.1891592025309461e+00   1.1891592025315281e+00   5.8197890950850706e-13
   3.2421875000000000e-01   1.1004458980648884e+00   1.1004458980654699e+00   5.8153482029865700e-13
   3.3203125000000000e-01   1.0138982472962719e+00   1.0138982472968538e+00   5.8197890950850706e-13
   3.3984375000000000e-01   9.2972475109647656e-01   9.2972475109705810e-01   5.8153482029865700e-13
   3.4765625000000000e-01   8.4812819079057411e-01   8.4812819079115542e-01   5.8131277569373196e-13
   3.5546875000000000e-01   7.6930513963935498e-01   7.6930513963993841e-01   5.8342219944051976e-13
   3.6328125000000000e-01   6.9344548927713079e-01   6.9344548927771354e-01   5.8275606562574467e-13
   3.7109375000000000e-01   6.2073199224614362e-01   6.2073199224672349e-01   5.7986948576171926e-13
   3.7890625000000000e-01   5.5133982172968765e-01   5.5133982173026730e-01   5.7964744115679423e-13
   3.8671875000000000e-01   4.8543614954457320e-01   4.8543614954515429e-01   5.8109073108880693e-13
   3.9453125000000000e-01   4.2317974340957787e-01   4.2317974341015929e-01   5.8142379799619448e-13
   4.0234375000000000e-01   3.6472058446009686e-01   3.6472058446067812e-01   5.8125726454250071e-13
   4.1015625000000000e-01   3.1019950593045631e-01   3.1019950593103718e-01   5.8086868648388190e-13
   4.1796875000000000e-01   2.5974785387431654e-01   2.5974785387489802e-01   5.8147930914742574e-13
   4.2578125000000000e-01   2.1348717074052420e-01   2.1348717074110590e-01   5.8170135375235077e-13
   4.3359375000000000e-01   1.7152890256670600e-01   1.7152890256728720e-01   5.8120175339126945e-13
   4.4140625000000000e-01   1.3397413049600229e-01   1.3397413049658360e-01   5.8131277569373196e-13
   4.4921875000000000e-01   1.0091332726374132e-01   1.0091332726432228e-01   5.8096583099853660e-13
   4.5703125000000000e-01   7.2426139240693549e-02   7.2426139241274737e-02   5.8118787560346163e-13
   4.6484375000000000e-01   4.8581194557989801e-02   4.8581194558571121e-02   5.8131971458763587e-13
   4.7265625000000000e-01   2.9435937775941227e-02   2.9435937776522422e-02   5.8119481449736554e-13
   4.8046875000000000e-01   1.5036491495061914e-02   1.5036491495643380e-02   5.8146543135961792e-13
   4.8828125000000000e-01   5.4175452426853034e-03   5.4175452432669588e-03   5.8165538358023738e-13
   4.9609375000000000e-01   6.0227190285453390e-04   6.0227190343530609e-04   5.8077219249053069e-13
   5.0390625000000000e-01   6.0227189081158751e-04   6.0227189139229313e-04   5.8070562247714008e-13
   5.1171875000000000e-01   5.4175452065851780e-03   5.4175452071669331e-03   5.8175513018010605e-13
   5.1953125000000000e-01   1.5036491434991722e-02   1.5036491435573306e-02   5.8158339255598435e-13
   5.2734375000000000e-01   2.9435937692045770e-02   2.9435937692627017e-02   5.8124685620164485e-13
   5.3515625000000000e-01   4.8581194450471134e-02   4.8581194451052502e-02   5.8136828684496322e-13
   5.4296875000000000e-01   7.2426139109810522e-02   7.2426139110391918e-02   5.8139604242057885e-13
   5.5078125000000000e-01   1.0091332710980937e-01   1.0091332711039055e-01   5.8118787560346163e-13
   5.5859375000000000e-01   1.3397413031939243e-01   1.3397413031997382e-01   5.8139604242057885e-13
   5.6640625000000000e-01   1.7152890236784343e-01   1.7152890236842486e-01   5.8142379799619448e-13
   5.7421875000000000e-01   2.1348717051988816e-01   2.1348717052047012e-01   5.8195115393289143e-13
   5.8203125000000000e-01   2.5974785363243830e-01   2.5974785363302016e-01   5.8186788720604454e-13
   5.8984375000000000e-01   3.1019950566791854e-01   3.1019950566850013e-01   5.8159033144988825e-13
   5.9765625000000000e-01   3.6472058417753261e-01   3.6472058417811420e-01   5.8159033144988825e-13
   6.0546875000000000e-01   4.2317974310766765e-01   4.2317974310824935e-01   5.8170135375235077e-13
   6.1328125000000000e-01   4.8543614922404427e-01   4.8543614922462541e-01   5.8114624224003819e-13
   6.2109375000000000e-01   5.5133982139131144e-01   5.5133982139189208e-01   5.8064664187895687e-13
   6.2890625000000000e-01   6.2073199189073736e-01   6.2073199189131678e-01   5.7942539655186920e-13
   6.3671875000000000e-01   6.9344548890554780e-01   6.9344548890613034e-01   5.8253402102081964e-13
   6.4453125000000000e-01   7.6930513925249355e-01   7.6930513925307498e-01   5.8142379799619448e-13
   6.5234375000000000e-01   8.4812819038936393e-01   8.4812819038994536e-01   5.8142379799619448e-13
   6.6015625000000000e-01   9.2972475068188443e-01   9.2972475068246607e-01   5.8164584260111951e-13
   6.6796875000000000e-01   1.0138982468692972e+00   1.0138982468698789e+00   5.8175686490358203e-13
   6.7578125000000000e-01   1.1004458976265590e+00   1.1004458976271412e+00   5.8220095411343209e-13
   6.8359375000000000e-01   1.1891592020823196e+00   1.1891592020828996e+00   5.7998050806418178e-13
   6.9140625000000000e-01   1.2798244421157727e+00   1.2798244421163543e+00   5.8153482029865700e-13
   6.9921875000000000e-01   1.3722231972223420e+00   1.3722231972229242e+00   5.8220095411343209e-13
   7.0703125000000000e-01   1.4661328707078023e+00   1.4661328707083841e+00   5.8175686490358203e-13
   7.1484375000000000e-01   1.5613272259432089e+00   1.5613272259437916e+00   5.8264504332328215e-13
   7.2265625000000000e-01   1.6575769313887625e+00   1.6575769313893438e+00   5.8131277569373196e-13
   7.3046875000000000e-01   1.7546501130735646e+00   1.7546501130741463e+00   5.8175686490358203e-13
   7.3828125000000000e-01   1.8523129132003295e+00   1.8523129132009089e+00   5.7931437424940668e-13
   7.4609375000000000e-01   1.9503300535292947e+00   1.9503300535298784e+00   5.8375526634790731e-13
   8.7890625000000000e-01   3.4474556344743172e+00   3.4474556344749039e+00   5.8664184621193272e-13
   8.8671875000000000e-01   3.5133593066594355e+00   3.5133593066600164e+00   5.8086868648388190e-13
   8.9453125000000000e-01   3.5756157127944359e+00   3.5756157127950119e+00   5.7598370517553121e-13
   9.0234375000000000e-01   3.6340748717439109e+00   3.6340748717444944e+00   5.8353322174298228e-13
   9.1015625000000000e-01   3.6885959502735495e+00   3.6885959502741348e+00   5.8530957858238253e-13
   9.1796875000000000e-01   3.7390476023296926e+00   3.7390476023302739e+00   5.8131277569373196e-13
   9.2578125000000000e-01   3.7853082854634836e+00   3.7853082854640663e+00   5.8264504332328215e-13
   9.3359375000000000e-01   3.8272665536373003e+00   3.8272665536378847e+00   5.8442140016268240e-13
   9.4140625000000000e-01   3.8648213257080037e+00   3.8648213257085891e+00   5.8530957858238253e-13
   9.4921875000000000e-01   3.8978821289402612e+00   3.8978821289408501e+00   5.8886229226118303e-13
   9.5703125000000000e-01   3.9263693169633123e+00   3.9263693169638976e+00   5.8530957858238253e-13
   9.6484375000000000e-01   3.9502142616460141e+00   3.9502142616466012e+00   5.8708593542178278e-13
   9.7265625000000000e-01   3.9693595184280643e+00   3.9693595184286492e+00   5.8486548937253247e-13
   9.8046875000000000e-01   3.9837589647089460e+00   3.9837589647095286e+00   5.8264504332328215e-13
   9.8828125000000000e-01   3.9933779109613203e+00   3.9933779109619056e+00   5.8530957858238253e-13
   9.9609375000000000e-01   3.9981931843011580e+00   3.9981931843017371e+00   5.7909232964448165e-13
   7.5390625000000000e-01   2.0484654021841324e+00   2.0484654021847137e+00   5.8131277569373196e-13
   7.6171875000000000e-01   2.1464825425142831e+00   2.1464825425148653e+00   5.8220095411343209e-13
   7.6953125000000000e-01   2.2441453426434061e+00   2.2441453426439892e+00   5.8308913253313222e-13
   7.7734375000000000e-01   2.3412185243317416e+00   2.3412185243323256e+00   5.8397731095283234e-13
   7.8515625000000000e-01   2.4374682297819930e+00   2.4374682297825765e+00   5.8353322174298228e-13
   7.9296875000000000e-01   2.5326625850232563e+00   2.5326625850238367e+00   5.8042459727403184e-13
   8.0078125000000000e-01   2.6265722585157092e+00   2.6265722585162883e+00   5.7909232964448165e-13
   8.0859375000000000e-01   2.7189710136303904e+00   2.7189710136309726e+00   5.8220095411343209e-13
   8.1640625000000000e-01   2.8096362536730601e+00   2.8096362536736450e+00   5.8486548937253247e-13
   8.2421875000000000e-01   2.8983495581391145e+00   2.8983495581397007e+00   5.8619775700208265e-13
   8.3203125000000000e-01   2.9848972089077339e+00   2.9848972089083174e+00   5.8353322174298228e-13
   8.3984375000000000e-01   3.0690707051075270e+00   3.0690707051081132e+00   5.8619775700208265e-13
   8.4765625000000000e-01   3.1506672654134329e+00   3.1506672654140155e+00   5.8264504332328215e-13
   8.5546875000000000e-01   3.2294903165646494e+00   3.2294903165652333e+00   5.8397731095283234e-13
   8.6328125000000000e-01   3.3053499669268787e+00   3.3053499669274586e+00   5.7998050806418178e-13
   8.7109375000000000e-01   3.3780634639578651e+00   3.3780634639584486e+00   5.8353322174298228e-13
