#                  Coord.                Numerical               Analytical                    Error
   7.8125000000000000e-03   4.9008570042357306e-02   4.9008570042357300e-02   6.9388939039072284e-18
   2.3437500000000000e-02   1.4655373105160041e-01   1.4655373105160041e-01   0.0000000000000000e+00
   3.9062500000000000e-02   2.4268749951639795e-01   2.4268749951639795e-01   0.0000000000000000e+00
   5.4687500000000000e-02   3.3648405469437037e-01   3.3648405469437043e-01   5.5511151231257827e-17
   7.0312500000000000e-02   4.2704008448474112e-01   4.2704008448474118e-01   5.5511151231257827e-17
   8.5937500000000000e-02   5.1348348481766759e-01   5.1348348481766748e-01   1.1102230246251565e-16
   1.0156250000000000e-01   5.9498175849317414e-01   5.9498175849317425e-01   1.1102230246251565e-16
   1.1718750000000000e-01   6.7075003258427768e-01   6.7075003258427757e-01   1.1102230246251565e-16
   1.3281250000000000e-01   7.4005861719232890e-01   7.4005861719232879e-01   1.1102230246251565e-16
   1.4843750000000000e-01   8.0224003275962574e-01   8.0224003275962574e-01   0.0000000000000000e+00
   1.6406250000000000e-01   8.5669543826243633e-01   8.5669543826243622e-01   1.1102230246251565e-16
   1.7968750000000000e-01   9.0290039837741554e-01   9.0290039837741520e-01   3.3306690738754696e-16
   1.9531250000000000e-01   9.4040993408045526e-01   9.4040993408045503e-01   2.2204460492503131e-16
   2.1093750000000000e-01   9.6886280803793734e-01   9.6886280803793745e-01   1.1102230246251565e-16
   2.2656250000000000e-01   9.8798500351972862e-01   9.8798500351972884e-01   2.2204460492503131e-16
   2.4218750000000000e-01   9.9759236333008428e-01   9.9759236333008416e-01   1.1102230246251565e-16
   2.5781250000000000e-01   9.9759236334211265e-01   9.9759236334211276e-01   1.1102230246251565e-16
   2.7343750000000000e-01   9.8798500355569863e-01   9.8798500355569852e-01   1.1102230246251565e-16
   2.8906250000000000e-01   9.6886280809750192e-01   9.6886280809750192e-01   0.0000000000000000e+00
   3.0468750000000000e-01   9.4040993416304086e-01   9.4040993416304064e-01   2.2204460492503131e-16
   3.2031250000000000e-01   9.0290039848222658e-01   9.0290039848222658e-01   0.0000000000000000e+00
   3.3593750000000000e-01   8.5669543838846396e-01   8.5669543838846407e-01   1.1102230246251565e-16
   3.5156250000000000e-01   8.0224003290565638e-01   8.0224003290565626e-01   1.1102230246251565e-16
   3.6718750000000000e-01   7.4005861735695566e-01   7.4005861735695555e-01   1.1102230246251565e-16
   3.8281250000000000e-01   6.7075003276591572e-01   6.7075003276591538e-01   3.3306690738754696e-16
   3.9843750000000000e-01   5.9498175869007364e-01   5.9498175869007353e-01   1.1102230246251565e-16
   4.1406250000000000e-01   5.1348348502793240e-01   5.1348348502793217e-01   2.2204460492503131e-16
   4.2968750000000000e-01   4.2704008470634613e-01   4.2704008470634608e-01   5.5511151231257827e-17
   4.4531250000000000e-01   3.3648405492518196e-01   3.3648405492518180e-01   1.6653345369377348e-16
   4.6093750000000000e-01   2.4268749975419285e-01   2.4268749975419265e-01   1.9428902930940239e-16
   4.7656250000000000e-01   1.4655373129408847e-01   1.4655373129408830e-01   1.6653345369377348e-16
   4.9218750000000000e-01   4.9008570287203249e-02   4.9008570287203075e-02   1.7347234759768071e-16
   5.0781250000000000e-01  -4.9008570042357015e-02  -4.9008570042357189e-02   1.7347234759768071e-16
   5.2343750000000000e-01  -1.4655373105160024e-01  -1.4655373105160041e-01   1.6653345369377348e-16
   5.3906250000000000e-01  -2.4268749951639790e-01  -2.4268749951639809e-01   1.9428902930940239e-16
   5.5468750000000000e-01  -3.3648405469437043e-01  -3.3648405469437065e-01   2.2204460492503131e-16
   5.7031250000000000e-01  -4.2704008448474085e-01  -4.2704008448474107e-01   2.2204460492503131e-16
   5.8593750000000000e-01  -5.1348348481766748e-01  -5.1348348481766748e-01   0.0000000000000000e+00
   6.0156250000000000e-01  -5.9498175849317392e-01  -5.9498175849317425e-01   3.3306690738754696e-16
   6.1718750000000000e-01  -6.7075003258427790e-01  -6.7075003258427779e-01   1.1102230246251565e-16
   6.3281250000000000e-01  -7.4005861719232868e-01  -7.4005861719232879e-01   1.1102230246251565e-16
   6.4843750000000000e-01  -8.0224003275962597e-01  -8.0224003275962585e-01   1.1102230246251565e-16
   6.6406250000000000e-01  -8.5669543826243633e-01  -8.5669543826243610e-01   2.2204460492503131e-16
   6.7968750000000000e-01  -9.0290039837741509e-01  -9.0290039837741487e-01   2.2204460492503131e-16
   6.9531250000000000e-01  -9.4040993408045515e-01  -9.4040993408045492e-01   2.2204460492503131e-16
   7.1093750000000000e-01  -9.6886280803793734e-01  -9.6886280803793734e-01   0.0000000000000000e+00
   7.2656250000000000e-01  -9.8798500351972862e-01  -9.8798500351972873e-01   1.1102230246251565e-16
   7.4218750000000000e-01  -9.9759236333008428e-01  -9.9759236333008416e-01   1.1102230246251565e-16
   7.5781250000000000e-01  -9.9759236334211265e-01  -9.9759236334211276e-01   1.1102230246251565e-16
   7.7343750000000000e-01  -9.8798500355569852e-01  -9.8798500355569852e-01   0.0000000000000000e+00
   7.8906250000000000e-01  -9.6886280809750192e-01  -9.6886280809750203e-01   1.1102230246251565e-16
   8.0468750000000000e-01  -9.4040993416304097e-01  -9.4040993416304086e-01   1.1102230246251565e-16
   8.2031250000000000e-01  -9.0290039848222647e-01  -9.0290039848222670e-01   2.2204460492503131e-16
   8.3593750000000000e-01  -8.5669543838846418e-01  -8.5669543838846429e-01   1.1102230246251565e-16
   8.5156250000000000e-01  -8.0224003290565660e-01  -8.0224003290565682e-01   2.2204460492503131e-16
   8.6718750000000000e-01  -7.4005861735695588e-01  -7.4005861735695588e-01   0.0000000000000000e+00
   8.8281250000000000e-01  -6.7075003276591583e-01  -6.7075003276591583e-01   0.0000000000000000e+00
   8.9843750000000000e-01  -5.9498175869007341e-01  -5.9498175869007364e-01   2.2204460492503131e-16
   9.1406250000000000e-01  -5.1348348502793262e-01  -5.1348348502793262e-01   0.0000000000000000e+00
   9.2968750000000000e-01  -4.2704008470634675e-01  -4.2704008470634697e-01   2.2204460492503131e-16
   9.4531250000000000e-01  -3.3648405492518163e-01  -3.3648405492518191e-01   2.7755575615628914e-16
   9.6093750000000000e-01  -2.4268749975419290e-01  -2.4268749975419321e-01   3.0531133177191805e-16
   9.7656250000000000e-01  -1.4655373129408905e-01  -1.4655373129408930e-01   2.4980018054066022e-16
   9.9218750000000000e-01  -4.9008570287203387e-02  -4.9008570287203644e-02   2.5673907444456745e-16
