#                  Coord.                Numerical               Analytical                    Error
   3.9062500000000000e-03   1.9993977281055970e+00   1.9993977281055968e+00   2.2204460492503131e-16
   1.1718750000000000e-02   1.9969900914477097e+00   1.9969900914477097e+00   0.0000000000000000e+00
   1.9531250000000000e-02   1.9921806183335062e+00   1.9921806183335065e+00   2.2204460492503131e-16
   2.7343750000000000e-02   1.9849808952049792e+00   1.9849808952049797e+00   4.4408920985006262e-16
   3.5156250000000000e-02   1.9754082668257666e+00   1.9754082668257669e+00   2.2204460492503131e-16
   4.2968750000000000e-02   1.9634857944960966e+00   1.9634857944960973e+00   6.6613381477509392e-16
   5.0781250000000000e-02   1.9492422004960976e+00   1.9492422004960979e+00   2.2204460492503131e-16
   5.8593750000000000e-02   1.9327117988913061e+00   1.9327117988913063e+00   2.2204460492503131e-16
   6.6406250000000000e-02   1.9139344128670799e+00   1.9139344128670808e+00   8.8817841970012523e-16
   7.4218750000000000e-02   1.8929552787910580e+00   1.8929552787910582e+00   2.2204460492503131e-16
   8.2031250000000000e-02   1.8698249372347826e+00   1.8698249372347830e+00   4.4408920985006262e-16
   8.9843750000000000e-02   1.8445991112170426e+00   1.8445991112170430e+00   4.4408920985006262e-16
   9.7656250000000000e-02   1.8173385719622352e+00   1.8173385719622361e+00   8.8817841970012523e-16
   1.0546875000000000e-01   1.7881089924971676e+00   1.7881089924971687e+00   1.1102230246251565e-15
   1.1328125000000000e-01   1.7569807894389795e+00   1.7569807894389804e+00   8.8817841970012523e-16
   1.2109375000000000e-01   1.7240289533553472e+00   1.7240289533553472e+00   0.0000000000000000e+00
   1.2890625000000000e-01   1.6893328681056341e+00   1.6893328681056348e+00   6.6613381477509392e-16
   1.3671875000000000e-01   1.6529761195982282e+00   1.6529761195982275e+00   6.6613381477509392e-16
   1.4453125000000000e-01   1.6150462944247541e+00   1.6150462944247550e+00   8.8817841970012523e-16
   1.5234375000000000e-01   1.5756347688563195e+00   1.5756347688563204e+00   8.8817841970012523e-16
   1.6015625000000000e-01   1.5348364887100603e+00   1.5348364887100598e+00   4.4408920985006262e-16
   1.6796875000000000e-01   1.4927497406163528e+00   1.4927497406163535e+00   6.6613381477509392e-16
   1.7578125000000000e-01   1.4494759152377217e+00   1.4494759152377221e+00   4.4408920985006262e-16
   1.8359375000000000e-01   1.4051192630098428e+00   1.4051192630098426e+00   2.2204460492503131e-16
   1.9140625000000000e-01   1.3597866429931158e+00   1.3597866429931160e+00   2.2204460492503131e-16
   1.9921875000000000e-01   1.3135872654398308e+00   1.3135872654398308e+00   0.0000000000000000e+00
   2.0703125000000000e-01   1.2666324286971007e+00   1.2666324286971007e+00   0.0000000000000000e+00
   2.1484375000000000e-01   1.2190352510793954e+00   1.2190352510793967e+00   1.3322676295501878e-15
   2.2265625000000000e-01   1.1709103983566200e+00   1.1709103983566205e+00   4.4408920985006262e-16
   2.3046875000000000e-01   1.1223738075142193e+00   1.1223738075142202e+00   8.8817841970012523e-16
   2.3828125000000000e-01   1.0735424074508375e+00   1.0735424074508384e+00   8.8817841970012523e-16
   2.4609375000000000e-01   1.0245338372863535e+00   1.0245338372863535e+00   0.0000000000000000e+00
   2.5390625000000000e-01   9.7546616295893507e-01   9.7546616295893573e-01   6.6613381477509392e-16
   2.6171875000000000e-01   9.2645759279385986e-01   9.2645759279385986e-01   0.0000000000000000e+00
   2.6953125000000000e-01   8.7762619272929732e-01   8.7762619272929776e-01   4.4408920985006262e-16
   2.7734375000000000e-01   8.2908960188513070e-01   8.2908960188513037e-01   3.3306690738754696e-16
   2.8515625000000000e-01   7.8096474916000436e-01   7.8096474916000469e-01   3.3306690738754696e-16
   2.9296875000000000e-01   7.3336757153937482e-01   7.3336757153937449e-01   3.3306690738754696e-16
   3.0078125000000000e-01   6.8641273479314868e-01   6.8641273479314835e-01   3.3306690738754696e-16
   3.0859375000000000e-01   6.4021335723580641e-01   6.4021335723580597e-01   4.4408920985006262e-16
   3.1640625000000000e-01   5.9488073721447043e-01   5.9488073721447088e-01   4.4408920985006262e-16
   3.2421875000000000e-01   5.5052408498144101e-01   5.5052408498144190e-01   8.8817841970012523e-16
   3.3203125000000000e-01   5.0725025959713410e-01   5.0725025959713377e-01   3.3306690738754696e-16
   3.3984375000000000e-01   4.6516351149723562e-01   4.6516351149723589e-01   2.7755575615628914e-16
   3.4765625000000000e-01   4.2436523134428428e-01   4.2436523134428461e-01   3.3306690738754696e-16
   3.5546875000000000e-01   3.8495370576867627e-01   3.8495370576867605e-01   2.2204460492503131e-16
   3.6328125000000000e-01   3.4702388058756356e-01   3.4702388058756362e-01   5.5511151231257827e-17
   3.7109375000000000e-01   3.1066713207206859e-01   3.1066713207206853e-01   5.5511151231257827e-17
   3.7890625000000000e-01   2.7597104681384038e-01   2.7597104681384055e-01   1.6653345369377348e-16
   3.8671875000000000e-01   2.4301921072128399e-01   2.4301921072128396e-01   2.7755575615628914e-17
   3.9453125000000000e-01   2.1189100765378657e-01   2.1189100765378655e-01   2.7755575615628914e-17
   4.0234375000000000e-01   1.8266142817904588e-01   1.8266142817904596e-01   8.3266726846886741e-17
   4.1015625000000000e-01   1.5540088891422565e-01   1.5540088891422554e-01   1.1102230246251565e-16
   4.1796875000000000e-01   1.3017506288615585e-01   1.3017506288615588e-01   2.7755575615628914e-17
   4.2578125000000000e-01   1.0704472131925988e-01   1.0704472131925979e-01   8.3266726846886741e-17
   4.3359375000000000e-01   8.6065587232350471e-02   8.6065587232350471e-02   0.0000000000000000e+00
   4.4140625000000000e-01   6.7288201196998743e-02   6.7288201196998743e-02   0.0000000000000000e+00
   4.4921875000000000e-01   5.0757799580868054e-02   5.0757799580868013e-02   4.1633363423443370e-17
   4.5703125000000000e-01   3.6514205569344260e-02   3.6514205569344149e-02   1.1102230246251565e-16
   4.6484375000000000e-01   2.4591733227992497e-02   2.4591733227992463e-02   3.4694469519536142e-17
   4.7265625000000000e-01   1.5019104836968195e-02   1.5019104836968111e-02   8.3266726846886741e-17
   4.8046875000000000e-01   7.8193816965286128e-03   7.8193816965285157e-03   9.7144514654701197e-17
   4.8828125000000000e-01   3.0099085703403391e-03   3.0099085703404471e-03   1.0798653637955624e-16
   4.9609375000000000e-01   6.0227190042455223e-04   6.0227190042450029e-04   5.1933284062055662e-17
   5.0390625000000000e-01   6.0227189440304222e-04   6.0227189440309470e-04   5.2475385148298415e-17
   5.1171875000000000e-01   3.0099085522903232e-03   3.0099085522904412e-03   1.1796119636642288e-16
   5.1953125000000000e-01   7.8193816664935481e-03   7.8193816664935412e-03   6.9388939039072284e-18
   5.2734375000000000e-01   1.5019104795020355e-02   1.5019104795020333e-02   2.2551405187698492e-17
   5.3515625000000000e-01   2.4591733174233077e-02   2.4591733174233132e-02   5.5511151231257827e-17
   5.4296875000000000e-01   3.6514205503902698e-02   3.6514205503902830e-02   1.3183898417423734e-16
   5.5078125000000000e-01   5.0757799503902065e-02   5.0757799503902246e-02   1.8041124150158794e-16
   5.5859375000000000e-01   6.7288201108693685e-02   6.7288201108693713e-02   2.7755575615628914e-17
   5.6640625000000000e-01   8.6065587132919341e-02   8.6065587132919341e-02   0.0000000000000000e+00
   5.7421875000000000e-01   1.0704472120894179e-01   1.0704472120894193e-01   1.3877787807814457e-16
   5.8203125000000000e-01   1.3017506276521695e-01   1.3017506276521695e-01   0.0000000000000000e+00
   5.8984375000000000e-01   1.5540088878295666e-01   1.5540088878295688e-01   2.2204460492503131e-16
   5.9765625000000000e-01   1.8266142803776386e-01   1.8266142803776397e-01   1.1102230246251565e-16
   6.0546875000000000e-01   2.1189100750283121e-01   2.1189100750283152e-01   3.0531133177191805e-16
   6.1328125000000000e-01   2.4301921056101961e-01   2.4301921056101961e-01   0.0000000000000000e+00
   6.2109375000000000e-01   2.7597104664465288e-01   2.7597104664465288e-01   0.0000000000000000e+00
   6.2890625000000000e-01   3.1066713189436518e-01   3.1066713189436534e-01   1.6653345369377348e-16
   6.3671875000000000e-01   3.4702388040177223e-01   3.4702388040177201e-01   2.2204460492503131e-16
   6.4453125000000000e-01   3.8495370557524455e-01   3.8495370557524433e-01   2.2204460492503131e-16
   6.5234375000000000e-01   4.2436523114367986e-01   4.2436523114367952e-01   3.3306690738754696e-16
   6.6015625000000000e-01   4.6516351128994016e-01   4.6516351128993993e-01   2.2204460492503131e-16
   6.6796875000000000e-01   5.0725025938364621e-01   5.0725025938364632e-01   1.1102230246251565e-16
   6.7578125000000000e-01   5.5052408476227810e-01   5.5052408476227743e-01   6.6613381477509392e-16
   6.8359375000000000e-01   5.9488073699015698e-01   5.9488073699015676e-01   2.2204460492503131e-16
   6.9140625000000000e-01   6.4021335700688342e-01   6.4021335700688409e-01   6.6613381477509392e-16
   6.9921875000000000e-01   6.8641273456016894e-01   6.8641273456016894e-01   0.0000000000000000e+00
   7.0703125000000000e-01   7.3336757130289865e-01   7.3336757130289887e-01   2.2204460492503131e-16
   7.1484375000000000e-01   7.8096474892060264e-01   7.8096474892060275e-01   1.1102230246251565e-16
   7.2265625000000000e-01   8.2908960164337830e-01   8.2908960164337886e-01   5.5511151231257827e-16
   7.3046875000000000e-01   8.7762619248578022e-01   8.7762619248577989e-01   3.3306690738754696e-16
   7.3828125000000000e-01   9.2645759254916094e-01   9.2645759254916138e-01   4.4408920985006262e-16
   7.4609375000000000e-01   9.7546616271364661e-01   9.7546616271364606e-01   5.5511151231257827e-16
   8.7890625000000000e-01   1.7240289531861590e+00   1.7240289531861590e+00   0.0000000000000000e+00
   8.8671875000000000e-01   1.7569807892787155e+00   1.7569807892787153e+00   2.2204460492503131e-16
   8.9453125000000000e-01   1.7881089923462126e+00   1.7881089923462128e+00   2.2204460492503131e-16
   9.0234375000000000e-01   1.8173385718209538e+00   1.8173385718209540e+00   2.2204460492503131e-16
   9.1015625000000000e-01   1.8445991110857740e+00   1.8445991110857742e+00   2.2204460492503131e-16
   9.1796875000000000e-01   1.8698249371138440e+00   1.8698249371138438e+00   2.2204460492503131e-16
   9.2578125000000000e-01   1.8929552786807395e+00   1.8929552786807400e+00   4.4408920985006262e-16
   9.3359375000000000e-01   1.9139344127676494e+00   1.9139344127676492e+00   2.2204460492503131e-16
   9.4140625000000000e-01   1.9327117988030007e+00   1.9327117988030014e+00   6.6613381477509392e-16
   9.4921875000000000e-01   1.9492422004191314e+00   1.9492422004191319e+00   4.4408920985006262e-16
   9.5703125000000000e-01   1.9634857944306554e+00   1.9634857944306556e+00   2.2204460492503131e-16
   9.6484375000000000e-01   1.9754082667720074e+00   1.9754082667720074e+00   0.0000000000000000e+00
   9.7265625000000000e-01   1.9849808951630314e+00   1.9849808951630317e+00   2.2204460492503131e-16
   9.8046875000000000e-01   1.9921806183034716e+00   1.9921806183034714e+00   2.2204460492503131e-16
   9.8828125000000000e-01   1.9969900914296590e+00   1.9969900914296597e+00   6.6613381477509392e-16
   9.9609375000000000e-01   1.9993977280995754e+00   1.9993977280995754e+00   0.0000000000000000e+00
   7.5390625000000000e-01   1.0245338370410637e+00   1.0245338370410639e+00   2.2204460492503131e-16
   7.6171875000000000e-01   1.0735424072061401e+00   1.0735424072061395e+00   6.6613381477509392e-16
   7.6953125000000000e-01   1.1223738072707017e+00   1.1223738072707015e+00   2.2204460492503131e-16
   7.7734375000000000e-01   1.1709103981148694e+00   1.1709103981148696e+00   2.2204460492503131e-16
   7.8515625000000000e-01   1.2190352508399958e+00   1.2190352508399951e+00   6.6613381477509392e-16
   7.9296875000000000e-01   1.2666324284606252e+00   1.2666324284606252e+00   0.0000000000000000e+00
   8.0078125000000000e-01   1.3135872652068508e+00   1.3135872652068510e+00   2.2204460492503131e-16
   8.0859375000000000e-01   1.3597866427641931e+00   1.3597866427641931e+00   0.0000000000000000e+00
   8.1640625000000000e-01   1.4051192627855287e+00   1.4051192627855293e+00   6.6613381477509392e-16
   8.2421875000000000e-01   1.4494759150185574e+00   1.4494759150185574e+00   0.0000000000000000e+00
   8.3203125000000000e-01   1.4927497404028653e+00   1.4927497404028658e+00   4.4408920985006262e-16
   8.3984375000000000e-01   1.5348364885027626e+00   1.5348364885027634e+00   8.8817841970012523e-16
   8.4765625000000000e-01   1.5756347686557148e+00   1.5756347686557146e+00   2.2204460492503131e-16
   8.5546875000000000e-01   1.6150462942313242e+00   1.6150462942313237e+00   4.4408920985006262e-16
   8.6328125000000000e-01   1.6529761194124357e+00   1.6529761194124362e+00   4.4408920985006262e-16
   8.7109375000000000e-01   1.6893328679279305e+00   1.6893328679279311e+00   6.6613381477509392e-16
