#                  Coord.                Numerical               Analytical                    Error
   7.8125000000000000e-03   4.9008570164780302e-02   4.9008570164780302e-02   0.0000000000000000e+00
   2.3437500000000000e-02   1.4655373117284443e-01   1.4655373117284443e-01   0.0000000000000000e+00
   3.9062500000000000e-02   2.4268749963529529e-01   2.4268749963529529e-01   0.0000000000000000e+00
   5.4687500000000000e-02   3.3648405480977606e-01   3.3648405480977606e-01   0.0000000000000000e+00
   7.0312500000000000e-02   4.2704008459554371e-01   4.2704008459554371e-01   0.0000000000000000e+00
   8.5937500000000000e-02   5.1348348492279983e-01   5.1348348492279983e-01   0.0000000000000000e+00
   1.0156250000000000e-01   5.9498175859162383e-01   5.9498175859162383e-01   0.0000000000000000e+00
   1.1718750000000000e-01   6.7075003267509647e-01   6.7075003267509647e-01   0.0000000000000000e+00
   1.3281250000000000e-01   7.4005861727464228e-01   7.4005861727464228e-01   0.0000000000000000e+00
   1.4843750000000000e-01   8.0224003283264100e-01   8.0224003283264100e-01   0.0000000000000000e+00
   1.6406250000000000e-01   8.5669543832545014e-01   8.5669543832545014e-01   0.0000000000000000e+00
   1.7968750000000000e-01   9.0290039842982095e-01   9.0290039842982095e-01   0.0000000000000000e+00
   1.9531250000000000e-01   9.4040993412174789e-01   9.4040993412174789e-01   0.0000000000000000e+00
   2.1093750000000000e-01   9.6886280806771963e-01   9.6886280806771963e-01   0.0000000000000000e+00
   2.2656250000000000e-01   9.8798500353771368e-01   9.8798500353771368e-01   0.0000000000000000e+00
   2.4218750000000000e-01   9.9759236333609846e-01   9.9759236333609846e-01   0.0000000000000000e+00
   2.5781250000000000e-01   9.9759236333609846e-01   9.9759236333609846e-01   0.0000000000000000e+00
   2.7343750000000000e-01   9.8798500353771368e-01   9.8798500353771368e-01   0.0000000000000000e+00
   2.8906250000000000e-01   9.6886280806771963e-01   9.6886280806771963e-01   0.0000000000000000e+00
   3.0468750000000000e-01   9.4040993412174789e-01   9.4040993412174789e-01   0.0000000000000000e+00
   3.2031250000000000e-01   9.0290039842982106e-01   9.0290039842982106e-01   0.0000000000000000e+00
   3.3593750000000000e-01   8.5669543832545014e-01   8.5669543832545014e-01   0.0000000000000000e+00
   3.5156250000000000e-01   8.0224003283264111e-01   8.0224003283264111e-01   0.0000000000000000e+00
   3.6718750000000000e-01   7.4005861727464217e-01   7.4005861727464217e-01   0.0000000000000000e+00
   3.8281250000000000e-01   6.7075003267509670e-01   6.7075003267509670e-01   0.0000000000000000e+00
   3.9843750000000000e-01   5.9498175859162394e-01   5.9498175859162394e-01   0.0000000000000000e+00
   4.1406250000000000e-01   5.1348348492279994e-01   5.1348348492279994e-01   0.0000000000000000e+00
   4.2968750000000000e-01   4.2704008459554366e-01   4.2704008459554366e-01   0.0000000000000000e+00
   4.4531250000000000e-01   3.3648405480977633e-01   3.3648405480977633e-01   0.0000000000000000e+00
   4.6093750000000000e-01   2.4268749963529548e-01   2.4268749963529548e-01   0.0000000000000000e+00
   4.7656250000000000e-01   1.4655373117284448e-01   1.4655373117284448e-01   0.0000000000000000e+00
   4.9218750000000000e-01   4.9008570164780253e-02   4.9008570164780253e-02   0.0000000000000000e+00
   5.0781250000000000e-01  -4.9008570164780010e-02  -4.9008570164780010e-02   0.0000000000000000e+00
   5.2343750000000000e-01  -1.4655373117284426e-01  -1.4655373117284426e-01   0.0000000000000000e+00
   5.3906250000000000e-01  -2.4268749963529523e-01  -2.4268749963529523e-01   0.0000000000000000e+00
   5.5468750000000000e-01  -3.3648405480977611e-01  -3.3648405480977611e-01   0.0000000000000000e+00
   5.7031250000000000e-01  -4.2704008459554343e-01  -4.2704008459554343e-01   0.0000000000000000e+00
   5.8593750000000000e-01  -5.1348348492279972e-01  -5.1348348492279972e-01   0.0000000000000000e+00
   6.0156250000000000e-01  -5.9498175859162372e-01  -5.9498175859162372e-01   0.0000000000000000e+00
   6.1718750000000000e-01  -6.7075003267509659e-01  -6.7075003267509659e-01   0.0000000000000000e+00
   6.3281250000000000e-01  -7.4005861727464206e-01  -7.4005861727464206e-01   0.0000000000000000e+00
   6.4843750000000000e-01  -8.0224003283264123e-01  -8.0224003283264123e-01   0.0000000000000000e+00
   6.6406250000000000e-01  -8.5669543832545003e-01  -8.5669543832545003e-01   0.0000000000000000e+00
   6.7968750000000000e-01  -9.0290039842982073e-01  -9.0290039842982073e-01   0.0000000000000000e+00
   6.9531250000000000e-01  -9.4040993412174789e-01  -9.4040993412174789e-01   0.0000000000000000e+00
   7.1093750000000000e-01  -9.6886280806771963e-01  -9.6886280806771963e-01   0.0000000000000000e+00
   7.2656250000000000e-01  -9.8798500353771357e-01  -9.8798500353771357e-01   0.0000000000000000e+00
   7.4218750000000000e-01  -9.9759236333609846e-01  -9.9759236333609846e-01   0.0000000000000000e+00
   7.5781250000000000e-01  -9.9759236333609846e-01  -9.9759236333609846e-01   0.0000000000000000e+00
   7.7343750000000000e-01  -9.8798500353771357e-01  -9.8798500353771357e-01   0.0000000000000000e+00
   7.8906250000000000e-01  -9.6886280806771963e-01  -9.6886280806771963e-01   0.0000000000000000e+00
   8.0468750000000000e-01  -9.4040993412174800e-01  -9.4040993412174800e-01   0.0000000000000000e+00
   8.2031250000000000e-01  -9.0290039842982095e-01  -9.0290039842982095e-01   0.0000000000000000e+00
   8.3593750000000000e-01  -8.5669543832545025e-01  -8.5669543832545025e-01   0.0000000000000000e+00
   8.5156250000000000e-01  -8.0224003283264145e-01  -8.0224003283264145e-01   0.0000000000000000e+00
   8.6718750000000000e-01  -7.4005861727464228e-01  -7.4005861727464228e-01   0.0000000000000000e+00
   8.8281250000000000e-01  -6.7075003267509681e-01  -6.7075003267509681e-01   0.0000000000000000e+00
   8.9843750000000000e-01  -5.9498175859162372e-01  -5.9498175859162372e-01   0.0000000000000000e+00
   9.1406250000000000e-01  -5.1348348492280005e-01  -5.1348348492280005e-01   0.0000000000000000e+00
   9.2968750000000000e-01  -4.2704008459554416e-01  -4.2704008459554416e-01   0.0000000000000000e+00
   9.4531250000000000e-01  -3.3648405480977600e-01  -3.3648405480977600e-01   0.0000000000000000e+00
   9.6093750000000000e-01  -2.4268749963529559e-01  -2.4268749963529559e-01   0.0000000000000000e+00
   9.7656250000000000e-01  -1.4655373117284506e-01  -1.4655373117284506e-01   0.0000000000000000e+00
   9.9218750000000000e-01  -4.9008570164780378e-02  -4.9008570164780378e-02   0.0000000000000000e+00
