#                  Coord.                Numerical               Analytical                    Error
   3.9062500000000000e-03   1.9993977281054498e+00   1.9993977281055968e+00   1.4699352846037073e-13
   1.1718750000000000e-02   1.9969900914475640e+00   1.9969900914477097e+00   1.4566126083082054e-13
   1.9531250000000000e-02   1.9921806183333608e+00   1.9921806183335065e+00   1.4566126083082054e-13
   2.7343750000000000e-02   1.9849808952048342e+00   1.9849808952049797e+00   1.4543921622589551e-13
   3.5156250000000000e-02   1.9754082668256199e+00   1.9754082668257669e+00   1.4699352846037073e-13
   4.2968750000000000e-02   1.9634857944959507e+00   1.9634857944960973e+00   1.4654943925052066e-13
   5.0781250000000000e-02   1.9492422004959518e+00   1.9492422004960979e+00   1.4610535004067060e-13
   5.8593750000000000e-02   1.9327117988911593e+00   1.9327117988913063e+00   1.4699352846037073e-13
   6.6406250000000000e-02   1.9139344128669342e+00   1.9139344128670808e+00   1.4654943925052066e-13
   7.4218750000000000e-02   1.8929552787909116e+00   1.8929552787910582e+00   1.4654943925052066e-13
   8.2031250000000000e-02   1.8698249372346363e+00   1.8698249372347830e+00   1.4677148385544569e-13
   8.9843750000000000e-02   1.8445991112168976e+00   1.8445991112170430e+00   1.4543921622589551e-13
   9.7656250000000000e-02   1.8173385719620907e+00   1.8173385719622361e+00   1.4543921622589551e-13
   1.0546875000000000e-01   1.7881089924970226e+00   1.7881089924971687e+00   1.4610535004067060e-13
   1.1328125000000000e-01   1.7569807894388341e+00   1.7569807894389804e+00   1.4632739464559563e-13
   1.2109375000000000e-01   1.7240289533552020e+00   1.7240289533553472e+00   1.4521717162097048e-13
   1.2890625000000000e-01   1.6893328681054887e+00   1.6893328681056348e+00   1.4610535004067060e-13
   1.3671875000000000e-01   1.6529761195980810e+00   1.6529761195982275e+00   1.4654943925052066e-13
   1.4453125000000000e-01   1.6150462944246089e+00   1.6150462944247550e+00   1.4610535004067060e-13
   1.5234375000000000e-01   1.5756347688561745e+00   1.5756347688563204e+00   1.4588330543574557e-13
   1.6015625000000000e-01   1.5348364887099133e+00   1.5348364887100598e+00   1.4654943925052066e-13
   1.6796875000000000e-01   1.4927497406162074e+00   1.4927497406163535e+00   1.4610535004067060e-13
   1.7578125000000000e-01   1.4494759152375762e+00   1.4494759152377221e+00   1.4588330543574557e-13
   1.8359375000000000e-01   1.4051192630096967e+00   1.4051192630098426e+00   1.4588330543574557e-13
   1.9140625000000000e-01   1.3597866429929704e+00   1.3597866429931160e+00   1.4566126083082054e-13
   1.9921875000000000e-01   1.3135872654396852e+00   1.3135872654398308e+00   1.4566126083082054e-13
   2.0703125000000000e-01   1.2666324286969548e+00   1.2666324286971007e+00   1.4588330543574557e-13
   2.1484375000000000e-01   1.2190352510792515e+00   1.2190352510793967e+00   1.4521717162097048e-13
   2.2265625000000000e-01   1.1709103983564755e+00   1.1709103983566205e+00   1.4499512701604544e-13
   2.3046875000000000e-01   1.1223738075140750e+00   1.1223738075142202e+00   1.4521717162097048e-13
   2.3828125000000000e-01   1.0735424074506930e+00   1.0735424074508384e+00   1.4543921622589551e-13
   2.4609375000000000e-01   1.0245338372862078e+00   1.0245338372863535e+00   1.4566126083082054e-13
   2.5390625000000000e-01   9.7546616295878974e-01   9.7546616295893573e-01   1.4599432773820809e-13
   2.6171875000000000e-01   9.2645759279371431e-01   9.2645759279385986e-01   1.4555023852835802e-13
   2.6953125000000000e-01   8.7762619272915188e-01   8.7762619272929776e-01   1.4588330543574557e-13
   2.7734375000000000e-01   8.2908960188498526e-01   8.2908960188513037e-01   1.4510614931850796e-13
   2.8515625000000000e-01   7.8096474915985892e-01   7.8096474916000469e-01   1.4577228313328305e-13
   2.9296875000000000e-01   7.3336757153922871e-01   7.3336757153937449e-01   1.4577228313328305e-13
   3.0078125000000000e-01   6.8641273479300313e-01   6.8641273479314835e-01   1.4521717162097048e-13
   3.0859375000000000e-01   6.4021335723566075e-01   6.4021335723580597e-01   1.4521717162097048e-13
   3.1640625000000000e-01   5.9488073721432555e-01   5.9488073721447088e-01   1.4532819392343299e-13
   3.2421875000000000e-01   5.5052408498129735e-01   5.5052408498144190e-01   1.4455103780619538e-13
   3.3203125000000000e-01   5.0725025959698922e-01   5.0725025959713377e-01   1.4455103780619538e-13
   3.3984375000000000e-01   4.6516351149709123e-01   4.6516351149723589e-01   1.4466206010865790e-13
   3.4765625000000000e-01   4.2436523134413995e-01   4.2436523134428461e-01   1.4466206010865790e-13
   3.5546875000000000e-01   3.8495370576853061e-01   3.8495370576867605e-01   1.4543921622589551e-13
   3.6328125000000000e-01   3.4702388058741823e-01   3.4702388058756362e-01   1.4538370507466425e-13
   3.7109375000000000e-01   3.1066713207192453e-01   3.1066713207206853e-01   1.4399592629388280e-13
   3.7890625000000000e-01   2.7597104681369811e-01   2.7597104681384055e-01   1.4244161405940758e-13
   3.8671875000000000e-01   2.4301921072113908e-01   2.4301921072128396e-01   1.4488410471358293e-13
   3.9453125000000000e-01   2.1189100765364147e-01   2.1189100765378655e-01   1.4507839374289233e-13
   4.0234375000000000e-01   1.8266142817890146e-01   1.8266142817904596e-01   1.4449552665496412e-13
   4.1015625000000000e-01   1.5540088891408108e-01   1.5540088891422554e-01   1.4446777107934849e-13
   4.1796875000000000e-01   1.3017506288601105e-01   1.3017506288615588e-01   1.4482859356235167e-13
   4.2578125000000000e-01   1.0704472131911458e-01   1.0704472131925979e-01   1.4521717162097048e-13
   4.3359375000000000e-01   8.6065587232205282e-02   8.6065587232350471e-02   1.4518941604535485e-13
   4.4140625000000000e-01   6.7288201196853623e-02   6.7288201196998743e-02   1.4512002710631577e-13
   4.4921875000000000e-01   5.0757799580722962e-02   5.0757799580868013e-02   1.4505063816727670e-13
   4.5703125000000000e-01   3.6514205569198578e-02   3.6514205569344149e-02   1.4557105521006974e-13
   4.6484375000000000e-01   2.4591733227845920e-02   2.4591733227992463e-02   1.4654250035661676e-13
   4.7265625000000000e-01   1.5019104836820469e-02   1.5019104836968111e-02   1.4764231504038605e-13
   4.8046875000000000e-01   7.8193816963781654e-03   7.8193816965285157e-03   1.5035021838638585e-13
   4.8828125000000000e-01   3.0099085701794999e-03   3.0099085703404471e-03   1.6094721042025917e-13
   4.9609375000000000e-01   6.0227190013448597e-04   6.0227190042450029e-04   2.9001432332032007e-13
   5.0390625000000000e-01   6.0227189411446306e-04   6.0227189440309470e-04   2.8863164028974930e-13
   5.1171875000000000e-01   3.0099085521286765e-03   3.0099085522904412e-03   1.6176469885831324e-13
   5.1953125000000000e-01   7.8193816663423218e-03   7.8193816664935412e-03   1.5121931484785023e-13
   5.2734375000000000e-01   1.5019104794872888e-02   1.5019104795020333e-02   1.4744455656412470e-13
   5.3515625000000000e-01   2.4591733174087090e-02   2.4591733174233132e-02   1.4604289999553544e-13
   5.4296875000000000e-01   3.6514205503757190e-02   3.6514205503902830e-02   1.4564044414910882e-13
   5.5078125000000000e-01   5.0757799503756779e-02   5.0757799503902246e-02   1.4546697180151114e-13
   5.5859375000000000e-01   6.7288201108548579e-02   6.7288201108693713e-02   1.4513390489412359e-13
   5.6640625000000000e-01   8.6065587132774429e-02   8.6065587132919341e-02   1.4491186028919856e-13
   5.7421875000000000e-01   1.0704472120879707e-01   1.0704472120894193e-01   1.4485634913796730e-13
   5.8203125000000000e-01   1.3017506276507210e-01   1.3017506276521695e-01   1.4485634913796730e-13
   5.8984375000000000e-01   1.5540088878281197e-01   1.5540088878295688e-01   1.4491186028919856e-13
   5.9765625000000000e-01   1.8266142803761912e-01   1.8266142803776397e-01   1.4485634913796730e-13
   6.0546875000000000e-01   2.1189100750268697e-01   2.1189100750283152e-01   1.4455103780619538e-13
   6.1328125000000000e-01   2.4301921056087475e-01   2.4301921056101961e-01   1.4485634913796730e-13
   6.2109375000000000e-01   2.7597104664450733e-01   2.7597104664465288e-01   1.4555023852835802e-13
   6.2890625000000000e-01   3.1066713189422168e-01   3.1066713189436534e-01   1.4366285938649526e-13
   6.3671875000000000e-01   3.4702388040162635e-01   3.4702388040177201e-01   1.4566126083082054e-13
   6.4453125000000000e-01   3.8495370557509995e-01   3.8495370557524433e-01   1.4438450435250161e-13
   6.5234375000000000e-01   4.2436523114353514e-01   4.2436523114367952e-01   1.4438450435250161e-13
   6.6015625000000000e-01   4.6516351128979544e-01   4.6516351128993993e-01   1.4449552665496412e-13
   6.6796875000000000e-01   5.0725025938350166e-01   5.0725025938364632e-01   1.4466206010865790e-13
   6.7578125000000000e-01   5.5052408476213288e-01   5.5052408476227743e-01   1.4455103780619538e-13
   6.8359375000000000e-01   5.9488073699001187e-01   5.9488073699015676e-01   1.4488410471358293e-13
   6.9140625000000000e-01   6.4021335700673887e-01   6.4021335700688409e-01   1.4521717162097048e-13
   6.9921875000000000e-01   6.8641273456002405e-01   6.8641273456016894e-01   1.4488410471358293e-13
   7.0703125000000000e-01   7.3336757130275410e-01   7.3336757130289887e-01   1.4477308241112041e-13
   7.1484375000000000e-01   7.8096474892045809e-01   7.8096474892060275e-01   1.4466206010865790e-13
   7.2265625000000000e-01   8.2908960164323497e-01   8.2908960164337886e-01   1.4388490399142029e-13
   7.3046875000000000e-01   8.7762619248563489e-01   8.7762619248577989e-01   1.4499512701604544e-13
   7.3828125000000000e-01   9.2645759254901672e-01   9.2645759254916138e-01   1.4466206010865790e-13
   7.4609375000000000e-01   9.7546616271350040e-01   9.7546616271364606e-01   1.4566126083082054e-13
   8.7890625000000000e-01   1.7240289531860118e+00   1.7240289531861590e+00   1.4721557306529576e-13
   8.8671875000000000e-01   1.7569807892785700e+00   1.7569807892787153e+00   1.4521717162097048e-13
   8.9453125000000000e-01   1.7881089923460691e+00   1.7881089923462128e+00   1.4366285938649526e-13
   9.0234375000000000e-01   1.8173385718208082e+00   1.8173385718209540e+00   1.4588330543574557e-13
   9.1015625000000000e-01   1.8445991110856279e+00   1.8445991110857742e+00   1.4632739464559563e-13
   9.1796875000000000e-01   1.8698249371136983e+00   1.8698249371138438e+00   1.4543921622589551e-13
   9.2578125000000000e-01   1.8929552786805943e+00   1.8929552786807400e+00   1.4566126083082054e-13
   9.3359375000000000e-01   1.9139344127675033e+00   1.9139344127676492e+00   1.4588330543574557e-13
   9.4140625000000000e-01   1.9327117988028550e+00   1.9327117988030014e+00   1.4632739464559563e-13
   9.4921875000000000e-01   1.9492422004189847e+00   1.9492422004191319e+00   1.4721557306529576e-13
   9.5703125000000000e-01   1.9634857944305093e+00   1.9634857944306556e+00   1.4632739464559563e-13
   9.6484375000000000e-01   1.9754082667718607e+00   1.9754082667720074e+00   1.4677148385544569e-13
   9.7265625000000000e-01   1.9849808951628853e+00   1.9849808951630317e+00   1.4632739464559563e-13
   9.8046875000000000e-01   1.9921806183033257e+00   1.9921806183034714e+00   1.4566126083082054e-13
   9.8828125000000000e-01   1.9969900914295133e+00   1.9969900914296597e+00   1.4632739464559563e-13
   9.9609375000000000e-01   1.9993977280994304e+00   1.9993977280995754e+00   1.4499512701604544e-13
   7.5390625000000000e-01   1.0245338370409192e+00   1.0245338370410639e+00   1.4477308241112041e-13
   7.6171875000000000e-01   1.0735424072059940e+00   1.0735424072061395e+00   1.4543921622589551e-13
   7.6953125000000000e-01   1.1223738072705567e+00   1.1223738072707015e+00   1.4477308241112041e-13
   7.7734375000000000e-01   1.1709103981147235e+00   1.1709103981148696e+00   1.4610535004067060e-13
   7.8515625000000000e-01   1.2190352508398496e+00   1.2190352508399951e+00   1.4543921622589551e-13
   7.9296875000000000e-01   1.2666324284604802e+00   1.2666324284606252e+00   1.4499512701604544e-13
   8.0078125000000000e-01   1.3135872652067067e+00   1.3135872652068510e+00   1.4432899320127035e-13
   8.0859375000000000e-01   1.3597866427640479e+00   1.3597866427641931e+00   1.4521717162097048e-13
   8.1640625000000000e-01   1.4051192627853832e+00   1.4051192627855293e+00   1.4610535004067060e-13
   8.2421875000000000e-01   1.4494759150184111e+00   1.4494759150185574e+00   1.4632739464559563e-13
   8.3203125000000000e-01   1.4927497404027199e+00   1.4927497404028658e+00   1.4588330543574557e-13
   8.3984375000000000e-01   1.5348364885026173e+00   1.5348364885027634e+00   1.4610535004067060e-13
   8.4765625000000000e-01   1.5756347686555696e+00   1.5756347686557146e+00   1.4499512701604544e-13
   8.5546875000000000e-01   1.6150462942311781e+00   1.6150462942313237e+00   1.4566126083082054e-13
   8.6328125000000000e-01   1.6529761194122912e+00   1.6529761194124362e+00   1.4499512701604544e-13
   8.7109375000000000e-01   1.6893328679277855e+00   1.6893328679279311e+00   1.4566126083082054e-13
